50 210
1 29
29 43
31 29
5 10
3 34
25 5
2 5
3 8
25 32
31 39
48 30
39 38
28 9
36 42
50 4
31 43
14 18
17 50
24 10
1 40
31 9
15 42
27 4
13 45
1 36
3 45
49 40
47 30
8 16
9 18
36 2
29 42
28 20
28 26
40 16
6 33
31 48
16 26
19 10
23 2
27 24
48 38
38 12
49 44
35 47
32 16
41 34
14 4
40 22
47 20
29 10
28 46
6 15
11 21
25 32
28 2
15 22
36 7
31 32
38 36
39 20
46 15
27 7
31 49
38 15
9 13
17 11
2 8
23 12
39 35
41 29
28 14
39 18
39 44
19 3
48 40
23 4
39 21
31 36
12 21
16 45
44 30
47 12
1 41
38 12
27 34
2 5
33 4
33 43
32 20
28 12
25 8
29 27
25 37
6 47
15 42
25 5
39 9
31 36
48 24
32 7
5 16
36 26
39 35
35 12
12 16
48 20
16 22
39 18
6 34
21 45
39 40
44 35
44 43
27 35
15 12
22 10
33 45
38 40
19 15
41 11
9 7
14 12
9 12
12 20
48 50
49 12
41 45
17 35
24 5
3 45
23 15
19 22
36 32
4 21
19 37
2 40
41 10
7 21
19 36
29 40
2 40
17 40
6 16
32 22
24 12
31 11
37 30
30 26
50 13
6 20
27 34
48 11
47 50
37 16
44 18
21 10
24 42
23 13
39 24
47 42
1 49
34 47
43 42
39 24
5 16
31 2
29 25
33 43
48 8
36 16
39 44
34 47
34 26
38 5
32 26
31 48
11 42
12 20
25 43
4 30
24 42
4 7
50 43
41 12
47 45
37 5
6 24
31 40
37 7
25 33
38 49
41 34
6 42
48 7
34 20
9 7
9 17
1 50
31 20
9 26
9 35
38 43
19 49
38 8
44 4
48 36
48 17
48 42
12 40
