2000 5000
1210 18
1834 194
1040 1138
181 162
361 1207
1444 1554
424 796
1962 772
683 1375
68 1028
76 1709
1505 1671
1148 382
1324 1233
1466 1206
1406 932
793 1479
392 433
1875 1310
1816 686
639 1368
1361 758
1654 678
95 335
1679 1351
282 712
1705 581
1097 1333
505 260
1843 1120
1957 351
1438 1265
1476 1891
119 862
1998 1063
1184 1934
1837 1460
750 671
1178 597
1195 1171
1752 495
1500 1266
891 1253
1980 1302
1633 1526
1328 1404
845 819
533 507
181 1272
116 1068
640 754
460 118
1344 1089
453 1203
99 66
1168 1381
1967 1350
1257 1329
647 310
446 1357
177 123
1876 1082
1287 598
958 382
1717 378
1973 1818
1438 1485
478 1903
1328 1382
1492 1333
1319 895
1105 1199
390 1485
1213 319
857 456
1156 1963
1299 1859
1427 1697
120 1610
1067 1280
1143 528
1736 1650
1551 1919
1054 1668
1426 1231
702 1029
94 1344
981 1586
1861 1255
1162 993
248 393
115 1228
1125 783
279 1464
996 1436
1894 1623
1315 1354
893 1537
570 1368
1744 1374
1758 1222
1006 1978
1352 1334
866 1065
1219 234
1428 73
249 987
157 1988
868 1486
1749 11
718 1110
77 1190
1923 575
235 1355
466 1983
1840 1035
597 113
1036 1253
1180 736
1996 416
904 74
1107 1968
886 381
1923 1501
939 829
1480 1179
1862 216
1665 1300
205 1557
1667 851
795 935
893 1813
775 1336
791 506
1306 1035
1872 1581
1936 809
1561 891
1465 1480
891 1686
792 108
1170 1869
1152 91
657 1345
445 128
1583 368
1566 1089
1335 1796
1630 855
328 24
725 913
1902 427
1865 528
1090 351
164 137
1162 510
1820 1651
350 786
1408 1499
812 824
1465 121
706 827
1252 890
882 440
458 1529
716 996
866 410
827 499
314 950
856 1419
1038 1949
319 128
158 1791
468 1439
1426 997
15 1923
1116 1144
43 1804
1219 1647
1347 624
1214 1750
1951 519
61 1584
1157 687
99 216
1902 1737
466 1425
228 1063
1653 615
1467 497
414 1287
190 1787
1301 222
861 616
1739 121
1216 1627
394 30
371 1281
677 1018
502 260
400 1045
1261 590
1386 550
494 1913
700 1874
779 1946
751 1622
1461 979
1566 141
82 1349
1139 1448
1715 1051
352 620
1219 743
652 151
1130 1659
1104 202
1561 107
1155 1760
1512 1818
30 1938
1051 680
1503 135
1692 1122
1892 843
1571 305
772 1481
504 618
614 1079
1784 1574
804 211
771 806
739 1135
842 876
164 62
976 1655
741 1691
1824 975
1071 1241
359 877
1362 312
916 1146
760 1910
919 1594
1556 835
907 618
811 17
905 38
110 256
1240 1341
485 1364
266 684
215 1322
998 377
827 1720
164 1418
979 1658
609 1549
922 1011
1324 891
541 1378
858 1845
1993 406
1961 559
630 3
34 1187
1797 672
1056 1329
1671 417
948 864
64 1497
1230 1153
1427 602
74 1673
1088 1025
121 91
1271 332
1543 1498
683 1223
321 1451
1854 1971
728 237
94 1389
353 909
55 319
1435 1263
26 1054
1864 1321
1981 1759
30 929
1865 519
476 314
1456 292
1437 1922
1472 442
1314 351
1616 1430
1715 142
618 1840
1876 1823
1230 412
1218 1398
1037 917
345 445
755 253
1971 1334
1007 723
1862 891
245 254
1142 6
695 908
183 1226
720 814
248 843
1905 952
1725 437
1182 310
136 1740
1253 1823
972 782
685 636
845 1549
704 1891
1320 1813
407 1572
1538 265
554 709
432 1035
1504 783
276 44
698 425
1478 949
870 1487
1715 1764
924 660
1613 8
106 1873
1607 579
1161 1025
1837 155
957 221
1637 1379
1951 693
1890 1044
776 758
1189 1590
1170 1673
119 1749
356 1676
858 1244
1966 1047
489 1265
1621 339
307 1093
1846 1934
639 991
1747 1354
1650 114
1426 291
366 1696
1722 980
593 694
1322 1611
1100 288
1904 330
136 1509
1528 587
1627 128
648 114
77 805
1807 1709
153 923
1530 1309
1966 1897
1471 1680
1843 1421
888 1786
1838 586
648 1780
809 1138
305 1779
1597 837
1266 1592
1777 1603
1040 1048
46 1966
1011 1176
1944 640
253 1736
54 1158
1746 1835
462 1965
498 1421
912 1250
1116 1246
22 113
1614 100
466 238
233 336
1701 1890
271 1642
1960 538
274 1084
1548 500
112 808
1479 1595
168 71
212 132
1057 1823
1760 936
1436 1381
609 859
1214 965
350 1112
662 1455
1066 512
1107 1933
268 1588
1785 756
1347 1905
976 1271
230 585
570 536
807 1855
63 997
296 590
1928 1616
172 524
205 1279
558 1222
123 1988
1498 708
1953 1966
977 1708
1622 142
1536 608
1498 1418
30 619
1867 800
576 881
99 961
1976 433
566 1571
785 1587
12 368
947 1342
1561 411
1801 1596
949 3
954 3
252 858
1669 215
1080 1263
1775 999
146 410
157 1562
1046 1243
163 1121
1178 884
722 169
1210 325
921 903
1937 71
1460 447
1452 1648
1614 1435
735 1213
1864 1244
27 85
299 559
1098 987
122 332
1724 1337
1390 84
1565 134
345 182
866 1413
1355 1934
583 965
484 1179
355 311
990 1161
1512 267
815 1821
114 1882
1129 1816
1520 382
561 370
1163 360
341 460
1661 1707
1244 800
989 1713
165 555
1875 936
253 11
1352 12
1546 1663
648 1439
1404 9
1152 1676
1889 344
998 1424
1976 835
74 790
1100 436
1277 637
1970 278
3 18
1068 1801
1976 104
1613 554
992 1770
93 319
417 313
1204 652
638 658
1558 928
530 1249
371 1735
792 42
1832 872
858 1754
278 1123
1141 1814
1074 294
1319 1007
1676 306
1629 1333
710 1167
1467 899
1295 667
479 1408
183 767
110 1175
329 1102
1818 1869
1752 1047
1378 1387
676 703
882 1309
1695 592
1129 1482
1880 104
1809 198
1487 1326
912 556
1385 965
1367 1541
338 1712
1736 1206
451 33
674 1945
1564 1388
1838 182
1921 1167
1160 1423
482 176
157 1666
4 1499
1505 626
573 1807
569 665
267 1624
484 83
15 1077
1972 797
28 325
1698 1325
781 1058
1273 1727
1131 1750
1531 1051
1405 1682
60 901
1387 1986
997 374
1512 1226
796 1831
1827 313
78 1297
269 1716
450 1115
1 1483
1156 482
921 461
271 1216
1842 945
1625 1132
1386 1001
800 1748
1924 1379
701 745
1011 528
1502 83
711 1210
1217 1668
154 1610
1660 1759
1604 100
838 709
928 192
1552 1149
363 1168
1617 717
468 715
268 1771
895 875
1592 395
979 1652
68 1770
1524 542
772 626
1556 1381
790 591
525 19
1352 1674
334 889
1247 337
716 234
577 1065
1080 1179
1031 1168
769 1283
1846 1814
1292 142
1484 1736
691 75
1775 854
901 929
1705 1666
659 429
1490 1425
1876 1220
774 1460
364 305
432 1859
747 1628
959 897
1442 1224
524 674
356 134
252 74
1238 801
918 992
1809 1318
1635 1624
299 1595
1504 999
1236 850
583 1260
1889 640
299 785
1148 1063
726 310
698 872
698 1580
1947 1668
1898 384
1345 70
1912 133
937 1341
1885 1675
139 176
622 404
43 551
1005 43
648 887
1173 1515
905 104
453 1073
91 1678
1098 892
1687 725
1438 186
1063 472
1963 1509
522 1348
499 207
657 1597
1571 14
1321 194
886 630
621 563
1578 39
1349 1897
1307 384
1221 735
230 1213
166 1368
1901 1309
23 723
612 1034
1043 1517
1214 415
69 1828
1712 740
1454 439
1838 1391
1277 813
770 1547
1781 679
1749 1934
359 961
1874 1128
837 1960
467 874
1876 1810
405 277
1743 1978
1672 1533
1756 175
643 536
149 1117
1566 203
1100 664
776 318
576 442
878 214
99 1974
289 58
10 37
1546 897
261 686
888 526
565 668
1308 1968
1624 762
309 412
420 1029
1667 168
938 780
1481 522
804 1880
1832 833
769 1577
424 1560
1614 1981
602 1839
1930 324
258 1485
539 1459
1617 1975
920 1211
53 571
945 232
235 901
304 58
845 1994
593 936
1627 404
1604 637
1548 315
1140 897
1277 1258
1164 903
1437 1152
1540 1346
822 1309
1949 530
753 1803
967 280
381 1449
217 224
918 738
23 91
410 1912
1664 1314
1384 1943
382 404
1407 1207
509 1254
547 1430
866 532
1307 1309
1052 889
662 626
1409 313
722 1498
1072 36
208 1893
811 1564
889 1053
858 1430
117 260
568 1895
1064 1673
752 203
1405 1127
552 1910
1145 696
1808 788
1410 361
778 1222
1159 225
1314 198
569 1961
799 1773
59 427
1369 1139
328 449
1417 1685
1410 207
1585 526
552 242
500 512
1428 1894
1243 1933
461 368
599 812
1704 142
400 1163
690 836
1619 336
153 1489
1648 1516
1978 1443
389 152
1150 395
363 1350
416 961
493 1870
1653 220
34 1994
758 555
1420 849
527 1624
694 1857
502 1857
1802 1318
1431 121
751 208
741 241
1224 677
1352 351
371 357
779 1634
1194 1288
99 1508
914 1815
1051 314
219 1845
1589 1912
131 1913
962 1291
1616 215
1211 1629
735 135
1201 635
300 180
41 1335
1861 998
509 121
1394 1348
1324 386
1183 412
922 1541
426 682
1480 864
1143 1165
1578 85
1745 1405
636 479
161 860
94 1371
1579 1259
1626 1447
1690 194
1929 945
1025 843
175 1407
53 1598
1963 512
604 512
1006 1222
789 1102
766 1932
1683 1273
1992 1649
432 1253
1924 1649
779 1214
773 86
799 1820
496 1603
474 1329
1063 1772
633 438
153 611
1839 1486
240 1517
46 1507
1865 143
1893 1511
1184 1699
1011 1248
1949 1034
28 180
346 160
1086 1004
1301 1854
697 966
496 147
517 1964
326 666
1093 970
1090 537
390 677
1966 473
1960 251
132 1346
1826 1632
1518 200
1114 506
776 1163
408 1227
527 72
1617 123
489 536
845 1644
148 419
796 985
817 868
54 771
1060 556
282 147
1621 1097
83 1709
385 1513
1518 874
1802 1136
1635 557
1460 1047
61 1691
369 525
1387 254
218 1063
24 1022
753 1590
663 827
241 849
1324 259
755 515
1695 64
599 104
1323 1699
1268 397
956 1714
921 618
1932 1811
879 1802
1202 429
1735 445
450 214
1697 343
282 1916
1182 345
371 548
952 1971
159 326
1433 1054
735 750
1107 670
1900 338
1184 415
1581 1174
252 61
1293 1162
584 1644
1809 637
1732 1318
1390 203
1575 569
1478 1674
395 1459
331 1249
1893 1899
176 1310
320 1501
1520 242
1629 980
1794 1298
1607 1119
259 1859
477 1817
1824 1856
921 837
725 1263
340 984
304 559
308 1025
414 315
204 440
212 1473
1236 533
901 827
612 422
1463 1978
1262 1230
13 186
1559 952
86 1121
799 1940
1244 1023
1664 1798
66 1905
1322 91
1360 1858
158 411
760 1473
82 1651
1277 230
1710 1725
1930 927
1064 1004
794 16
1401 1782
1291 1924
1313 530
1617 470
963 911
1902 8
529 1048
626 493
582 1530
158 898
1957 382
1830 1135
741 910
1155 1149
405 1813
707 560
1838 842
1949 154
841 666
50 897
1525 1327
675 444
489 277
1366 1134
1274 292
230 856
1165 836
92 422
137 839
1557 970
22 182
488 453
737 1421
858 475
460 1828
894 1845
1794 1702
826 1539
1180 1379
1505 1164
803 1000
1719 1704
1864 1810
1064 464
9 121
1056 1064
224 840
486 873
1048 1971
1458 503
359 90
1608 1596
22 1437
1543 1838
906 1248
1968 1428
1536 1045
1711 237
1441 459
466 919
805 763
417 382
502 1787
53 1419
1528 1455
87 1187
1958 104
1075 1823
396 1625
235 1820
416 1027
42 1547
1319 1649
621 1432
1043 1556
440 1622
1755 1719
735 1551
661 905
645 291
94 109
596 849
1853 81
1393 1646
1036 1416
1632 980
811 542
1504 831
1885 820
1361 495
62 987
1522 894
45 1171
1288 1726
410 1808
475 1210
276 19
1695 1707
1125 1996
551 1698
1245 169
231 898
1559 1897
289 1495
811 1437
1072 713
985 1424
1327 251
1969 1281
572 1164
1052 1314
1761 1241
851 1647
428 1640
1185 592
1005 1030
1269 133
681 1544
1425 137
253 269
1740 456
947 1340
504 1019
407 1835
852 979
1877 1850
634 1834
286 336
300 1391
1284 976
95 1982
937 726
1929 346
1365 1539
1277 717
1090 235
1746 753
612 1462
1514 1149
728 1905
1644 780
1928 1614
1829 944
939 1538
1967 1210
1869 506
1160 1470
477 559
1326 1409
1098 343
289 745
1100 930
888 1029
1069 1590
60 1039
1905 1596
1042 1351
811 971
35 20
221 966
252 1984
189 1065
1273 843
1861 1127
1088 1023
798 1796
222 460
145 480
515 715
1221 39
633 250
1322 1544
1347 1000
1362 120
1641 1791
633 9
636 1779
1599 1018
453 687
560 1136
1521 1118
929 330
1298 652
1271 975
932 1901
1747 1158
1434 1814
1259 306
1244 744
1557 703
241 1836
842 1972
120 649
328 829
976 872
750 1790
1108 946
1253 642
496 523
1792 1934
774 1837
882 794
57 902
788 464
1634 763
683 1933
798 606
779 692
502 1069
484 1915
393 464
593 353
1328 415
255 320
110 7
105 724
931 269
654 1535
208 1501
1764 275
766 1713
865 1986
1003 1978
1665 1292
1577 900
614 1222
1566 765
997 1089
1445 44
866 399
283 188
1314 173
74 1905
1529 452
1669 1937
629 439
931 127
1743 1297
1721 1986
310 1748
600 64
845 1136
676 1792
66 1968
122 1987
1701 738
1583 27
1384 1459
359 518
1275 1569
1467 564
907 1300
1666 461
628 59
86 493
422 746
521 562
1687 231
1846 956
1936 147
863 254
1869 1370
1950 1737
315 819
1915 96
817 418
1526 530
795 220
1360 1172
650 1996
1425 1424
181 689
123 1806
392 1805
151 1172
340 1486
22 1082
1353 328
1214 91
334 1724
82 402
1973 966
1961 964
697 935
1140 469
252 292
1930 243
381 1475
1573 1495
1534 1539
1532 1686
766 877
1114 1841
1201 572
1484 896
788 1733
604 1140
1332 1793
501 631
1007 571
739 1048
408 1250
492 781
1530 1795
1879 717
517 961
1952 1389
1596 472
804 388
1778 1379
181 898
1277 998
1711 1600
1100 1011
33 1012
1604 961
463 548
42 1817
1252 652
319 1174
822 927
1090 671
1162 177
1765 1989
127 1398
754 1835
1950 1678
116 1375
772 1282
67 1837
1144 1873
379 1432
1229 306
109 1893
1861 1711
1969 47
135 698
1544 1341
206 556
774 1103
1992 1762
850 260
1929 1812
1710 1079
5 672
1896 1260
1468 247
578 1768
1087 677
111 251
939 951
626 1495
71 835
1036 1282
1352 1415
1371 697
976 1107
440 1887
253 1808
297 1168
1064 1651
469 151
1219 1154
600 808
974 1021
579 1179
773 233
1724 687
1930 592
1369 1715
1477 1968
1052 1706
573 322
504 858
1258 1062
634 1133
118 1073
704 1836
634 1338
569 1529
565 579
1360 1920
1479 626
136 1361
1318 319
746 320
1662 1027
1669 1083
35 1724
152 1018
78 639
1607 960
575 903
862 1501
1469 185
1583 1685
1915 313
887 148
1864 1305
1094 874
28 494
1707 113
270 1178
1081 368
305 1562
1803 1197
1629 949
959 1179
1410 1397
803 878
155 425
340 1997
1639 1842
202 848
1030 1438
450 1232
1601 761
767 936
173 1022
340 1328
1636 831
1664 771
803 1713
1188 1175
1450 819
1550 1018
42 97
1319 1926
1008 1985
1184 1876
1681 378
898 827
628 1876
514 673
127 1974
841 1007
1221 1791
932 1385
1137 703
161 759
1337 658
1388 743
1768 1112
432 1752
1577 18
1853 570
1927 1412
1257 1073
500 1259
1323 522
161 1138
601 1956
1087 133
22 1850
3 1663
804 1667
1196 1077
488 1678
1362 938
458 863
1559 975
16 101
1410 960
1269 325
403 182
282 1603
1263 1610
1996 582
1097 1498
1592 1288
181 17
1862 529
1799 112
1256 1767
1760 1918
1637 1500
201 835
108 335
1672 1769
1605 100
605 207
1117 1042
1721 991
546 85
1307 1727
822 1923
1026 1039
1838 326
1160 151
485 1675
1961 789
886 975
432 774
1014 696
1116 1320
694 1726
212 1139
1796 843
1885 1083
1062 457
1180 387
803 1508
1017 90
1157 702
1052 45
1513 1934
542 1241
1417 512
1291 1783
1 1495
1916 514
1440 1982
1432 1408
1697 601
1569 1886
1072 70
1178 1790
1800 588
558 384
1490 264
1837 1657
269 1294
1446 337
1740 1960
1503 188
622 1171
189 1172
1536 36
458 899
1579 1470
905 1609
356 208
1602 1686
858 1347
1295 226
914 1663
1505 1185
196 783
991 1686
1350 611
1472 1716
1424 743
1413 125
790 1891
249 1063
1723 923
92 1094
1125 1377
1411 1414
1565 1012
1114 24
446 364
268 581
1955 1839
939 1759
295 1931
908 1248
1819 1905
827 1153
1268 1104
1472 1498
484 1878
98 1213
809 1749
1005 1033
902 51
1189 635
225 471
1302 667
1060 828
1160 1007
824 1027
1117 597
621 1542
1715 661
1839 967
1236 822
539 1924
1959 516
1415 333
1386 418
435 695
67 38
1507 160
1488 1471
327 1346
937 1802
1350 1646
1214 956
1312 1454
109 816
1141 1636
1563 1432
1194 556
912 1280
1809 747
917 1977
1357 1023
1862 1550
1935 1545
552 382
712 934
482 165
1637 1191
1716 808
1099 564
680 1251
889 507
253 595
253 1287
24 1217
1619 416
1871 1326
87 588
774 898
1846 615
1768 1949
604 1322
1631 1233
1444 555
640 101
237 302
1033 1899
1519 1662
1131 1725
1830 855
1011 697
511 213
1975 173
1373 1222
1476 1726
1099 1565
1399 1174
580 891
1637 1773
468 418
1224 355
268 1994
474 1859
34 935
1524 343
1219 1845
1597 13
1528 587
1250 1539
1812 8
561 1395
615 360
430 1765
609 62
1512 138
576 1428
1616 8
1437 1606
1622 1595
314 615
1125 662
160 91
25 313
930 1685
202 651
1064 1419
1500 1492
1585 986
880 1049
811 753
1867 745
1330 506
906 919
1335 1112
1704 251
983 1199
695 302
1781 624
1510 410
1528 1846
1380 616
568 743
1467 856
1217 483
1744 1917
157 849
131 1282
864 740
1101 212
807 718
35 1609
1524 543
527 1144
1494 892
648 1928
1116 1053
1864 601
1532 1982
852 1140
721 1513
1676 977
798 7
1814 1135
831 426
1817 20
1503 788
1166 1704
1469 1347
407 1066
157 1571
627 1695
803 91
1279 1326
431 1118
923 375
210 1611
1107 142
350 14
53 295
817 631
1116 1104
1684 33
219 33
767 590
1051 1041
1540 915
1594 1041
942 535
1583 491
989 361
694 1627
475 46
883 1844
818 1609
159 588
1344 687
1067 1039
1340 1094
1526 1254
391 871
782 119
639 221
333 1487
902 19
1949 1146
661 438
1669 124
549 1985
461 1442
1240 1359
1504 1523
1824 1278
584 1686
786 174
1240 2000
338 1816
1826 595
997 1198
645 1029
235 610
996 339
1304 1919
1232 1108
1272 331
612 242
1312 1468
363 1443
1867 406
772 401
1339 487
1829 575
759 1686
1564 999
569 1803
474 590
1633 139
268 1609
1927 473
1021 1296
1900 1091
936 1167
1026 1434
1506 601
1758 1725
59 1769
1039 1012
424 213
1992 1721
1684 1460
1092 209
4 1251
276 686
1205 167
109 759
1503 1110
383 973
308 1270
699 1716
1033 1989
1599 1613
1410 1163
494 330
1104 999
1204 895
1565 182
67 15
1089 512
1716 523
1191 853
1245 1047
657 1748
321 921
1430 1432
798 58
1821 873
1161 426
1254 656
435 1439
920 934
1764 1113
573 73
1186 1815
1570 397
1884 780
739 1691
1536 1261
1598 1675
1589 1933
1138 538
975 1019
352 821
1672 1958
492 238
798 614
1717 301
1362 1632
863 667
1519 286
1719 427
546 486
1307 785
1896 234
1856 122
1207 216
1683 1893
598 272
108 747
106 1657
890 1069
286 508
473 992
1728 1900
863 1919
328 638
694 186
363 1502
695 1234
1390 72
532 1480
777 1915
939 1987
118 1067
1170 1015
1825 203
958 1774
1837 592
1422 1382
1875 795
1 286
1293 1068
342 765
1201 1169
1477 1576
1369 396
786 1255
968 233
406 956
870 712
349 745
1763 1774
807 955
485 1646
976 1894
1327 1023
1069 1765
1617 578
1005 1703
520 1627
1204 1941
414 1016
990 1371
1165 434
243 843
587 214
1533 1626
475 458
494 1227
1747 564
475 66
342 406
1101 1015
1269 1888
1168 1149
1554 696
841 1169
817 1082
108 508
1633 760
303 1553
1713 1190
1117 913
1890 726
1017 44
309 1700
131 1327
77 1813
1731 820
1072 867
1467 754
1635 1722
1572 736
1050 1391
1662 1598
1264 173
1937 1278
300 1154
578 1382
1104 1866
716 434
1289 332
224 473
628 735
511 1768
229 660
746 550
357 516
1575 359
774 590
1677 1363
1501 365
399 389
1680 427
1904 682
149 453
1666 471
250 411
793 1057
389 439
535 1175
1785 468
1064 1042
904 124
438 1986
1100 1423
1111 911
1335 1730
79 1737
1671 248
381 524
325 347
1522 351
1598 441
35 520
572 345
57 671
1111 1166
1898 375
724 1059
766 1469
684 404
22 46
1038 824
817 245
1713 701
1527 1945
1888 211
693 876
1975 301
1820 1598
1453 465
1530 412
858 719
1335 1145
1546 1495
1210 821
164 70
1442 19
1148 477
1029 427
1549 1210
1656 1667
1963 137
380 566
779 1474
533 243
248 1595
89 1691
1864 691
1476 360
1132 36
1925 644
1826 658
1773 1074
431 43
274 679
960 1339
1621 624
1615 1960
1313 1057
954 1561
392 156
1303 1183
325 669
862 1544
1950 554
995 78
1864 1288
1966 554
1929 942
484 83
449 1606
1324 1613
175 1833
993 32
1619 100
1954 681
799 404
1631 1917
1896 1921
693 958
543 1420
476 1872
1445 1628
448 508
1550 1906
1548 1613
1558 1013
737 1262
1329 493
64 1803
531 168
716 1945
690 1663
315 1918
1873 1209
700 1044
1831 445
78 1483
283 339
1741 1805
954 624
163 48
427 1118
1117 601
1747 1498
1571 1754
1637 854
528 1911
57 290
911 987
756 1497
1257 1482
1936 496
888 1603
876 216
1799 115
1215 43
1745 900
1210 673
1599 1625
981 1851
551 190
399 1401
974 736
219 1103
204 1053
1638 65
1289 984
5 1165
1232 1482
410 979
1528 1038
852 1375
1079 772
586 507
183 1285
1362 1066
935 514
1180 1767
1780 373
1170 1717
490 1409
1484 1000
297 1731
1620 1069
1558 764
246 1037
1963 618
219 1370
893 1854
1323 603
1313 1247
458 383
860 358
846 1940
1785 334
724 122
625 1718
1469 1112
256 1070
1250 1287
1496 27
473 370
206 612
1582 1745
1776 935
240 1703
817 1800
1444 346
640 1370
1658 483
1826 1416
809 38
533 1233
1229 84
1280 715
1236 78
1108 717
1026 685
912 411
1241 611
1075 1273
989 1351
1600 1174
1503 471
4 1539
979 1860
1183 1453
1236 1035
657 1263
1305 1632
1909 1624
1970 1242
1353 192
1234 1300
551 598
181 603
74 1276
1393 1248
66 1300
1776 915
577 1790
1188 1302
1743 1689
1292 854
1052 1024
284 1624
869 674
1483 1648
707 955
265 284
203 1906
1046 65
859 392
1083 335
1694 1702
1799 1451
1609 487
509 1066
1328 1640
1359 2000
1680 684
369 958
922 971
1236 1639
614 169
1105 1189
1156 1676
1383 279
1080 1077
5 83
1849 441
1600 1370
1566 910
793 1757
1997 1170
1205 42
939 672
593 1592
511 1095
664 955
15 1943
676 1403
102 404
39 1622
1604 735
1367 1678
1275 1766
485 278
1717 789
1293 639
399 986
724 763
143 524
225 544
288 1497
1666 1931
510 765
536 1447
218 1242
1617 1058
1100 796
1955 1433
1875 1968
773 1808
239 487
1182 1760
566 678
1681 1056
1732 1057
1818 11
1535 553
1543 930
1071 1346
61 1497
811 666
1821 642
1396 1459
364 254
792 1963
901 1552
373 207
242 1655
897 1901
766 1240
703 1350
1848 839
458 1175
653 418
1904 4
352 254
1145 1991
605 703
175 1611
61 1122
1355 1893
217 345
1683 1446
127 440
98 1782
821 1513
1928 190
310 1795
882 1288
1352 683
1195 308
1751 1827
815 1029
509 693
1797 1306
188 66
657 1689
1244 747
533 476
1429 1473
731 716
1910 1539
779 1982
570 953
228 750
1362 113
1452 945
818 75
417 1059
1569 1420
1446 695
1564 594
842 512
742 4
92 646
359 1719
1237 1325
1033 639
27 179
1014 233
1289 916
1771 1025
180 162
1632 1901
1540 1448
1355 1229
256 33
561 892
1558 1793
1800 1436
1261 1627
601 510
1863 1824
284 1340
5 1719
1186 1840
1241 221
1975 1458
863 174
333 1291
56 1201
1861 395
1404 17
906 697
1410 1667
219 90
955 1245
385 899
1921 1194
1481 32
57 658
172 1874
1269 312
1405 531
748 1600
1197 1678
1250 456
1194 329
887 768
584 1320
1427 964
712 642
1180 1912
954 1574
1484 1887
624 827
1605 561
264 2
634 1335
283 134
1556 1704
61 1720
706 1680
1131 1686
1051 1975
1332 940
1371 739
1117 1699
215 182
1301 1837
1472 1762
625 73
551 913
348 1190
435 1284
997 894
1189 723
1376 1343
561 539
1328 1894
223 1823
68 456
204 137
1669 527
88 1073
1027 595
616 371
1478 218
962 569
1948 1563
718 199
227 1276
342 882
1698 406
1240 698
1232 54
1088 1546
675 1202
88 1040
300 1152
61 1257
940 856
201 797
580 1281
1826 923
1268 1421
1415 1913
604 1938
1340 835
696 1823
695 163
378 104
56 499
1839 550
1116 1966
1215 1314
376 54
285 1815
1044 275
799 862
1651 191
1484 224
610 312
1337 1398
1362 1328
1509 420
880 1593
289 82
1252 989
57 362
407 1162
827 975
938 1860
1929 1351
1835 1945
795 40
1925 691
1083 1407
1434 652
1051 1187
1588 1167
976 1255
1107 948
1722 1902
1756 481
363 930
1793 1722
265 1000
1108 367
998 615
1554 441
920 703
290 1104
1025 585
1501 1227
1157 966
1634 988
381 1092
1349 747
359 936
1362 221
239 831
568 548
1653 1933
759 992
1839 44
1468 1416
1578 113
1624 516
1030 584
1188 1774
1478 1262
1933 254
1334 964
1304 1327
826 575
1541 1175
328 1596
902 1187
289 464
1846 323
410 1461
1643 1111
1403 566
1230 652
600 212
680 1069
525 1991
1267 1805
141 1938
1692 1823
1624 1146
1668 1835
1456 1894
889 555
326 1065
353 1147
312 1118
700 1536
1488 1239
488 1176
39 133
1403 1839
1669 377
941 505
879 1400
1760 1348
903 1922
440 620
473 1626
978 1158
811 1950
1110 1113
568 1489
1385 1190
1925 1860
317 1601
1776 454
496 459
1007 665
1757 1485
1635 368
1872 1827
1556 32
1203 1242
1796 62
394 604
185 1993
1885 7
744 1492
1530 1678
1015 544
863 242
135 1670
1430 975
1390 1450
784 1133
109 1361
371 675
1140 122
1994 113
1336 1038
1928 58
428 1780
726 553
34 1222
732 944
55 1130
902 1153
1955 1192
1873 629
1463 1227
1672 1819
317 1129
1887 1021
1604 60
1651 1351
646 99
1081 1748
1133 1772
308 1097
685 28
1072 295
1886 1923
48 1521
1749 306
136 1301
1160 43
1184 493
688 392
51 439
1204 1011
1165 1857
442 1828
1331 510
1588 673
1481 510
1761 1194
106 906
1206 1260
1231 1405
291 557
1695 862
990 472
1408 433
1833 1673
976 1112
1349 260
1276 285
1040 999
1810 1901
458 142
1002 564
1617 834
1081 908
1308 1562
551 1782
702 1686
87 331
1319 452
1023 1325
886 162
626 134
504 575
1072 16
1155 1632
1716 1845
178 709
646 500
1884 1077
1630 271
157 779
852 742
1215 1516
1324 155
1131 1184
300 1213
1205 400
1566 843
774 608
1600 1726
1634 1228
1324 1298
278 1708
885 1459
180 403
779 1078
1073 1354
916 983
380 1421
217 589
253 360
369 1439
704 647
265 1733
1582 1768
1488 475
352 433
1591 848
1681 18
13 1828
257 1527
390 280
1700 611
683 143
1826 111
1988 1094
607 1650
1154 329
749 346
287 114
1184 393
1433 1076
308 1879
749 1722
1170 243
203 1709
1371 1999
1469 1706
1371 1535
962 628
1579 1777
1193 1311
1505 679
445 595
1918 202
1632 756
218 788
1665 85
845 1283
1834 955
1768 1789
1202 1943
1015 343
1117 260
1114 277
1404 1756
781 879
619 616
1776 785
391 385
57 1296
648 273
468 1637
1055 170
1710 1778
977 1464
458 836
1051 339
1814 1127
1467 1605
1682 768
448 175
912 1355
116 1335
856 1787
1160 429
261 1806
1799 1323
240 1899
1174 221
125 207
704 706
420 1835
1604 168
1820 1623
125 154
570 1768
1194 1086
1958 1479
702 275
1671 577
1863 1699
1355 831
1291 1034
885 1193
1654 1066
204 502
1113 1874
1542 1866
644 848
1669 669
43 207
1383 541
1279 665
1484 1769
886 1148
446 271
385 860
618 1329
1887 910
986 1135
1343 1497
1736 226
707 890
1 421
1606 401
1370 1310
822 116
761 1209
633 1790
233 1248
1206 940
1676 1163
1557 1401
1513 635
297 802
79 1400
1715 1123
1755 668
502 1457
117 1145
1543 1480
436 598
321 1709
1843 1973
896 1613
1053 653
528 1321
1802 987
583 1372
1090 970
1205 918
525 1527
1912 34
9 1747
817 1674
468 764
391 1509
1328 843
822 1570
952 2
576 1494
735 441
398 143
270 1745
1431 1986
1306 692
1008 1070
535 1825
1067 597
1515 1291
435 374
237 1492
189 128
1944 1717
1744 1767
861 914
266 791
1114 460
1440 1177
1875 231
1500 1701
1498 1726
1535 1234
1107 566
1560 1476
480 1023
555 156
1064 1462
1909 348
398 663
1116 1612
1929 919
1591 1949
1998 478
1160 1306
98 1980
573 1395
1410 1074
772 747
192 1971
117 1768
751 1318
1454 832
1276 1613
527 1181
1465 603
1589 363
1909 493
1060 221
347 1718
1517 273
1410 1665
1878 343
815 1851
56 234
465 875
581 412
699 1287
1146 1291
1506 1678
1303 1146
1433 1185
394 1921
590 160
83 1903
738 864
1262 139
1932 317
111 789
1853 1875
901 1176
1777 1261
1681 192
1865 469
317 1943
879 1943
977 1685
412 1595
1195 1024
1182 1123
647 606
1127 1709
1951 556
1900 790
1619 1816
298 50
342 1358
1503 188
1001 1255
78 1260
1195 1134
762 1726
724 80
366 830
1845 393
568 681
552 140
474 1379
1204 1814
557 375
1589 809
1078 1379
1370 606
1454 1507
369 131
1456 477
1692 1794
1802 377
82 1530
811 604
363 1014
1398 673
1697 1189
1996 1260
1332 1652
1446 545
1056 272
481 1977
793 551
1569 1520
1707 89
571 873
603 1421
962 716
786 387
1354 757
1471 597
197 403
986 1730
1184 1029
785 364
1988 687
268 1721
1535 104
845 1874
1715 1614
189 63
1773 1720
1839 678
1315 1893
812 1354
276 713
922 1498
1400 465
711 79
1607 48
1178 1767
907 1244
153 855
1247 950
29 1113
1109 1110
492 1561
290 284
1224 1982
462 258
1593 557
55 977
1410 879
197 1976
1331 332
1824 722
1683 1438
513 406
1929 1335
1978 734
1426 1914
783 532
878 1094
782 712
249 1503
1479 1981
1586 698
1134 1562
1232 1053
102 74
262 1334
1672 1953
1544 464
1235 1432
971 1127
500 649
1107 1151
54 1234
579 529
111 1485
132 499
1771 1808
253 239
1046 1248
717 1931
476 1479
1763 1068
270 1558
697 1024
1531 193
1656 1197
643 120
1446 1823
749 1381
1183 1464
716 219
1952 1824
165 879
1851 564
1434 1132
1000 1903
588 1691
1191 1297
386 910
1635 789
1579 1652
1912 522
1918 692
631 128
532 319
1979 1619
442 652
1119 1272
149 167
1836 1317
858 22
1597 751
1535 832
1616 300
385 477
217 1601
1953 440
1620 1016
749 1021
1275 140
1695 1505
1610 1296
1648 899
350 1918
324 1321
571 555
77 387
1214 1194
328 1788
558 1081
887 1372
802 1839
1930 1859
957 912
1305 640
1834 48
887 310
460 1803
1079 1765
901 1594
1369 1473
318 709
230 1400
898 1025
1237 481
407 88
1377 500
1170 1945
1833 933
222 643
231 1894
1205 1580
1087 1796
1112 296
938 1996
424 378
381 172
739 1491
978 909
1705 923
850 40
571 1704
67 1213
1374 1291
376 561
111 1770
1979 297
1116 1876
937 894
348 1407
778 1727
586 85
1667 1674
1157 1193
594 1329
1775 1659
736 733
1744 1766
731 1310
1266 550
802 587
752 519
1803 318
670 733
517 1310
342 1762
1541 1810
1666 457
1867 1229
533 1690
718 1603
1095 160
804 1450
583 1280
1326 128
93 594
474 1296
1170 50
1676 169
1223 362
1270 555
1353 167
1352 421
608 1679
489 1174
904 1129
1589 805
802 427
1606 1772
1450 761
1399 1370
1465 1315
1561 1812
1395 331
339 679
191 447
558 1590
179 273
1122 1128
230 612
578 103
463 1961
118 20
1604 1001
754 200
541 667
252 48
1230 519
657 984
1391 1726
353 1022
410 627
1286 658
1215 1986
1170 263
1314 1315
1277 1356
1827 1922
1110 1805
919 1246
1476 429
1290 442
1836 346
1378 226
1572 370
325 295
1759 1123
1568 956
438 559
932 935
1851 1418
1078 1489
1003 1892
1615 1023
1694 1546
297 152
1209 1294
628 358
628 254
576 241
1867 1033
1523 383
1287 130
1112 874
1918 1474
428 1544
1573 1712
1834 256
1643 1231
102 573
1961 1136
1517 531
280 765
1599 1840
1830 385
101 499
1542 740
894 1580
413 1581
1615 1971
1153 943
1154 945
1715 1680
1092 1474
1744 186
906 359
566 1486
1504 1860
350 359
364 494
205 1977
29 518
723 1207
510 128
488 573
1485 1351
533 747
1889 689
1245 1308
259 298
929 382
1107 121
1071 439
446 1920
1985 1751
1614 1286
1586 903
218 133
1017 1676
1298 1772
842 1660
116 1298
1369 493
1618 1020
817 293
1984 1958
504 1570
732 1855
1568 1901
1889 1123
1178 1603
716 769
1601 236
1315 1339
1728 864
1969 897
1402 1222
1797 193
637 332
1579 835
1111 905
1429 1381
1542 245
371 1696
1108 423
1680 1668
1302 518
545 1013
310 1234
716 68
1782 1832
1531 305
779 1633
883 254
734 1339
993 387
978 1894
1458 1923
549 1344
1847 1441
1368 1185
1115 1685
1178 871
129 21
1984 1002
732 1278
111 1985
1728 1988
1854 742
1205 196
119 1355
355 1310
29 154
1272 200
572 1433
1460 1181
699 548
1454 1280
1477 168
717 762
983 381
1671 185
1388 1428
1342 1910
785 368
576 1797
1615 455
761 1095
1332 245
748 1041
985 1971
838 1703
205 1093
1048 516
1849 1991
1397 1571
690 1917
137 427
537 1732
1979 764
534 254
1829 849
57 853
1546 1919
1200 1172
94 1568
1221 999
102 595
1317 544
1638 1338
843 456
837 1855
399 1341
1563 1614
1670 436
83 175
889 68
1929 866
1184 1880
334 398
779 1641
492 603
1155 1397
1863 1165
680 856
697 1222
1879 790
692 1498
1097 1931
1700 128
1990 1039
121 178
1583 26
683 417
56 301
1764 443
1856 491
1421 490
450 1755
424 128
1417 1151
847 1960
1069 456
1861 687
542 561
1142 1395
1510 1186
1629 1409
180 1571
147 1447
1812 313
886 785
572 1916
1450 1716
941 896
1131 1241
1738 850
148 1036
1929 820
259 652
328 1115
1873 1922
1180 1263
1426 1198
1206 1851
827 966
1681 40
1820 239
1591 1487
102 386
1773 1032
1838 65
1669 583
1100 193
1967 29
804 1619
1005 178
761 177
691 38
829 325
921 183
1003 27
1293 1646
1380 464
1834 1348
894 946
1979 1356
922 1626
1583 1931
1785 176
1775 1082
1750 52
171 1845
898 1059
584 1150
1026 267
246 67
1895 36
884 11
1208 215
1304 480
81 1696
1164 975
581 1845
1710 1486
773 1717
23 1224
1713 1025
202 763
580 516
381 708
896 1110
425 220
1672 1060
974 1024
612 37
534 1698
1843 1362
1303 321
666 1165
1390 668
870 543
1050 1480
1241 1024
1619 88
1413 1053
1959 47
96 560
860 987
1335 557
976 209
29 1183
108 1603
54 400
1601 263
67 515
1105 1651
685 1213
1992 3
159 918
799 1161
1275 1411
482 1195
590 1689
1854 1233
1842 214
482 226
1043 626
1483 1000
220 1337
150 1229
1602 1898
1440 519
1501 1248
1676 696
1828 1596
604 1428
1434 1476
398 1550
552 361
1962 839
1089 1370
989 1588
1638 1647
981 198
1100 1078
593 1270
1119 1283
162 824
1224 1327
1853 376
1826 507
1730 1074
164 727
1008 1448
203 686
911 85
1635 173
608 729
366 1127
474 1158
1773 1545
125 1539
888 1898
787 767
537 1736
1641 702
1898 1988
966 1595
1280 115
414 579
1306 506
1048 709
1589 906
1604 1038
506 294
1240 18
685 1315
187 412
1569 1007
1952 1525
3 1424
1246 1553
1441 1206
129 250
688 1473
82 70
1633 706
807 121
834 560
920 1901
249 164
262 1519
1461 827
1742 1279
166 810
121 1588
645 1093
524 1027
902 1022
1875 1971
1621 211
1372 1457
694 427
1551 101
634 293
861 1086
352 1164
250 118
323 1869
475 1552
754 1241
1056 210
690 118
818 310
136 1269
576 891
180 1228
860 952
83 778
540 1722
1479 1271
1271 1196
215 1474
1505 588
912 1965
597 232
720 564
1438 287
1734 1716
1975 54
74 417
63 652
1429 879
1307 622
1344 1316
1364 6
509 1748
699 561
815 900
990 1114
1756 1940
528 1168
1490 1507
1813 1436
1697 1009
978 1481
1256 894
542 1012
1475 536
1861 856
654 1153
535 786
1578 1400
479 923
1393 1025
1809 1376
92 1776
1567 1945
547 622
1429 1700
859 1818
309 1460
345 207
297 332
1773 819
1750 1139
1268 1641
1087 1720
1533 1062
706 601
1644 1050
1090 239
345 1209
1119 1918
1814 1432
1247 767
1972 1459
53 1227
1830 508
521 1276
239 1464
1405 18
1219 1460
267 1811
1607 433
566 33
1291 733
1148 1199
489 1751
1651 329
1141 1240
1130 859
996 891
920 651
722 1106
1886 322
1411 1899
1536 1050
1997 1496
1721 4
484 1409
1182 1950
625 544
565 1716
1477 131
1768 1171
1715 758
1029 1412
1841 1795
1639 1866
1687 1708
1616 1691
1632 750
792 1706
1365 401
1217 788
1434 324
1978 1494
621 602
600 1511
108 1688
1466 1516
210 273
437 982
1570 1645
1633 1728
1454 902
767 216
279 719
489 1040
1305 1548
1253 970
1858 1294
1789 330
1142 150
410 1142
1301 580
484 431
622 172
208 1339
1176 1183
159 27
1961 1508
1467 134
1067 1611
1119 843
928 701
1835 617
714 1035
1853 1570
540 476
151 965
1347 195
1875 1271
428 1882
453 988
333 264
1603 412
163 1766
121 140
110 1664
57 656
31 168
1980 1076
451 1281
1428 1190
353 1596
1384 21
124 329
1483 1097
547 466
1987 987
1898 498
791 1690
885 134
1935 203
1899 1908
1428 982
1167 490
1698 871
27 62
1984 916
515 184
1529 1626
283 348
1695 1025
504 1418
432 1952
1954 678
1799 1934
759 943
1477 762
1916 1234
746 1316
1763 666
1756 554
244 1144
1433 32
1516 611
1315 1730
1519 1603
882 151
690 1868
570 530
852 474
1520 275
1857 671
189 1333
1786 436
1926 1041
530 681
1186 1433
1266 361
1117 95
636 1974
852 1237
267 27
1205 1629
486 674
1502 35
1661 295
223 1646
1830 123
262 422
975 264
6 611
1590 1934
852 12
167 1977
1114 778
149 305
145 1888
415 966
1452 1464
746 1233
685 1603
1492 1983
1986 914
1620 348
72 433
881 1550
542 498
834 1316
105 402
1780 1934
577 1073
1324 775
994 1062
467 1933
1594 1787
442 445
450 242
252 1609
1664 1790
1967 1749
139 1194
886 1567
1476 343
1184 348
1619 829
1743 692
399 1852
1466 1949
188 579
992 1062
231 1593
1104 182
475 104
401 1596
546 691
1287 1190
157 1856
1143 1496
269 1873
366 816
415 1645
965 214
1822 436
1724 1418
360 1118
1510 1756
1406 711
1152 1516
412 1128
1820 1969
1738 354
1588 1412
1374 806
153 1066
1675 563
1208 1760
930 873
1156 791
1967 661
1391 1754
391 551
527 180
1290 1980
901 131
1524 493
1713 1923
1865 1622
248 295
1641 151
1998 357
115 1167
1112 1102
348 1506
344 353
755 1263
243 1495
775 50
146 1228
1541 1988
1715 254
950 193
1000 1381
1837 143
83 200
1314 1709
1098 365
1576 1515
485 1512
1245 885
971 193
1518 233
1478 1595
920 1452
852 1784
376 1671
1470 677
934 591
1091 1309
1742 248
230 1857
1252 216
1615 551
959 218
1377 1787
409 1331
7 1611
1240 160
299 1731
680 758
1473 2000
1999 1685
911 702
1959 1135
349 541
1898 683
250 320
1548 163
1952 1063
1361 1245
804 1876
1799 426
1826 1569
1748 1733
912 762
583 1546
320 1691
1335 285
1413 1213
308 626
237 752
382 709
252 1738
1403 412
1743 551
829 1382
252 1361
1009 1933
1017 1827
1763 1595
1211 855
131 188
1808 1646
1046 952
1096 1520
1236 1504
240 1547
825 705
902 514
1841 878
641 669
1676 1261
1236 1533
771 104
75 1903
1946 1486
379 642
334 95
1773 1249
346 195
1038 1086
1031 218
728 975
740 1343
1715 311
270 928
858 853
1607 1699
1307 341
230 708
1675 1288
228 267
1939 248
744 1185
1087 1260
1838 1897
621 932
640 175
93 944
1322 1306
704 227
834 1038
1579 49
323 76
865 114
1888 1207
1206 905
1437 1138
1890 216
578 1370
1081 905
1683 965
1856 1784
528 1719
1659 913
369 1485
983 12
1125 829
1626 115
238 1610
371 372
470 1934
1384 969
415 1814
1284 1176
1484 1048
1744 1790
424 281
435 77
1794 631
1367 1246
1800 1224
580 670
1984 515
1378 319
986 133
1011 1783
1980 765
1543 624
968 1411
1479 1521
835 1407
1557 163
1435 14
1390 1943
140 1158
1936 1719
1018 1772
676 641
1405 49
968 2000
968 69
167 478
916 539
1889 849
574 774
1800 523
1445 786
1268 612
1052 1946
1813 86
1202 1414
1490 636
1952 1758
540 756
435 985
1609 1393
74 258
1387 186
1816 592
1134 1060
1794 199
448 345
259 997
1889 548
893 1054
1344 1532
1063 1190
848 745
1665 1981
1849 542
653 1263
1148 836
616 154
793 322
981 1235
107 712
1117 1098
476 618
822 884
164 564
281 1263
1556 48
1371 1882
87 216
1666 611
1839 1808
1352 367
1760 1473
601 260
1324 591
1838 1596
111 739
929 869
1087 195
932 971
1531 705
626 347
1920 615
1776 1499
414 1398
1943 1077
283 1540
410 598
1138 85
1837 294
1528 674
584 123
1126 29
1622 1610
1292 1741
1763 946
1178 1029
1479 1417
1854 107
1478 21
1324 556
117 1673
1452 955
1277 703
882 709
953 304
767 536
1930 305
1291 1689
1790 1772
628 1333
479 758
1371 506
753 1944
291 839
1587 1239
1524 163
1865 844
1514 1713
1602 227
527 536
1729 1552
984 1964
983 787
1661 1339
249 926
466 568
1130 1560
1366 483
735 286
376 24
502 1675
1317 1028
1042 1887
1012 1296
469 1442
1209 764
143 1709
1957 251
610 715
1743 221
1701 329
52 1177
985 686
582 1511
1542 524
158 789
600 973
785 1796
1984 1725
1641 1825
1242 1370
1463 1223
1109 1891
664 1715
513 179
1942 73
1728 984
1429 1462
725 153
1780 1048
401 944
1941 120
1658 1570
496 1241
722 1424
710 831
537 665
1853 1402
44 559
219 358
962 450
741 212
1280 1673
1450 447
1117 551
1367 1832
1767 173
177 1845
1892 1811
1661 675
159 1640
284 389
648 1956
581 1199
1761 1957
1834 1956
612 1549
94 1862
1949 554
1734 95
1745 1668
1588 1020
913 1220
1426 539
379 1676
930 1561
1615 1685
489 1758
185 1645
1780 323
901 579
700 1530
962 1169
188 96
40 456
1324 352
1943 875
244 1062
1092 1166
1904 554
374 89
236 433
384 1518
1038 1029
759 1179
1639 709
1520 1276
1031 1181
288 1381
256 1646
342 1361
1360 554
1918 592
925 623
1015 179
328 90
402 1499
300 88
1483 1821
853 1104
79 1175
1215 905
1963 899
1116 505
1606 1042
751 125
1374 1960
1572 1416
1947 819
1204 1880
1957 313
1854 1124
1951 1776
950 7
1250 1566
614 523
432 1591
278 1430
1967 1821
725 545
114 1464
969 1423
1219 581
1941 738
1927 1613
1885 19
759 1567
250 1314
542 469
1687 824
1099 1479
753 980
476 864
394 1549
1131 276
1456 872
1472 1468
1854 100
1154 715
1385 1199
250 512
288 914
147 757
677 1398
583 1614
1276 1642
1404 214
1386 1194
1668 260
1472 1371
502 73
1438 389
278 831
1977 1553
535 820
1996 948
702 719
1849 1111
1194 1482
834 1415
297 348
1984 655
1107 1278
1371 1848
1031 156
345 524
804 1309
939 1895
1561 385
1283 729
1219 668
1846 198
1496 1934
1563 254
121 472
1979 88
1702 473
953 1134
829 1181
1561 439
825 1210
24 1717
1599 323
958 1308
1003 91
166 1253
1605 1278
986 840
1186 532
1951 91
288 536
776 1269
1876 33
271 757
725 1480
725 1735
546 1916
1543 475
1072 860
49 141
131 175
1369 1722
1687 1217
593 783
1834 644
748 855
989 58
186 1070
1054 50
1634 296
323 154
852 1023
877 1288
352 1422
1799 348
293 761
1900 89
907 304
798 37
243 499
15 1142
1226 1338
1936 419
23 304
262 142
923 173
192 1736
1534 1672
1564 178
1554 1325
1235 20
1776 1096
1725 1649
139 29
438 190
1601 1765
760 1989
703 486
937 1418
1776 1729
1472 40
35 513
547 894
37 114
330 1709
939 44
1490 1076
1862 1310
403 1115
596 708
121 264
217 730
1456 747
887 247
940 951
1087 1129
604 244
304 1425
488 1002
1043 1311
504 883
1048 1596
1119 1206
1514 1993
656 120
1862 180
1292 1781
350 1902
1582 72
1724 384
1952 1873
774 795
1818 1574
1472 946
1340 757
1311 1300
1541 1603
535 1674
247 1649
1728 1020
877 1294
222 876
662 377
1534 736
983 1493
1788 682
1358 626
212 1144
1180 477
1275 1483
1116 1378
1256 1918
1477 440
1149 709
1975 1137
1275 406
328 1462
792 1644
1353 1363
725 692
1463 767
282 1311
1775 1708
1134 1596
558 1487
1740 1526
1371 2
826 238
99 728
1896 1986
199 1364
1502 245
807 753
1920 414
692 985
1277 1492
121 1263
1274 1029
1031 672
1271 1737
242 1674
521 875
1763 1042
535 1655
543 191
95 1812
250 1166
775 1035
1057 25
722 1012
488 590
1705 1368
540 131
242 1810
181 1749
878 1762
1315 1910
1439 445
1836 1396
1442 1189
108 1193
1397 1440
1490 351
289 1795
1830 736
1108 946
1886 833
1519 1467
1371 213
630 117
1551 152
725 1539
1661 1814
1048 1151
1798 854
1130 1480
1203 1415
1264 1737
1818 96
1312 651
823 362
1165 1138
1289 1708
1697 1626
1561 248
1563 1882
1591 1343
1307 1283
1213 870
77 673
1958 506
458 1598
1099 1782
689 1570
139 1300
54 1136
407 1545
276 455
521 153
416 1212
133 1082
296 1858
1285 1177
1972 499
1011 174
270 643
1178 265
1493 216
415 1331
784 336
879 1396
1285 1133
231 1821
1211 1906
540 1900
181 1216
1561 950
390 711
1090 294
1098 927
791 1178
432 1632
1434 1793
645 198
1850 4
1635 1906
1625 418
1862 319
1010 588
1967 497
1953 1384
1763 801
1612 719
159 1815
309 968
1390 717
1405 965
1925 1023
1 1334
1397 1343
42 649
766 744
1085 1089
266 315
268 933
989 101
646 1256
1979 798
1967 665
818 1041
524 933
53 1001
1404 46
396 416
348 1744
389 280
861 1467
511 1808
1315 393
124 1151
838 1667
707 1640
1148 635
1639 530
461 855
1666 1425
1292 1517
1417 874
1272 1561
376 1223
552 1260
1889 1287
1125 812
206 1061
1119 773
1112 1957
1756 1840
619 311
755 1438
485 174
1668 1181
1150 1497
149 1878
1904 1418
1766 1348
694 522
1126 1749
1683 52
774 1237
1071 1210
78 370
181 661
1303 1881
89 1910
1697 938
517 618
228 1628
1250 743
1654 268
704 1518
1547 1399
175 387
69 903
1790 686
1543 594
1346 965
1935 1210
342 1693
1631 1419
1924 708
1607 555
1380 212
1914 1282
1131 1975
1738 457
540 36
1826 1298
1101 1660
354 1933
33 1866
469 1626
168 944
942 1777
1290 9
938 1698
907 1703
129 1553
1774 1626
1677 456
609 1837
1197 1457
1782 2000
1352 932
1206 617
616 1755
1923 670
787 777
733 944
1786 1945
1629 1544
1843 1508
1863 1690
598 557
980 1194
1380 18
1043 1848
1887 1462
938 1320
1387 510
1312 1624
43 1725
161 1056
154 667
1717 1421
1135 36
1853 1864
1169 1462
67 787
1380 1149
542 1323
1221 1447
1667 1249
939 1055
206 1738
342 60
810 1486
466 605
1165 1758
373 1309
1585 1219
1477 1834
1786 705
1603 1008
1584 506
320 245
366 672
731 116
61 441
1560 906
1808 1486
305 1499
30 1466
1742 600
1615 998
238 1074
24 1555
401 1136
1152 1511
1453 1627
405 1664
1524 792
1745 1009
1452 375
1072 715
845 371
1788 1718
1031 216
1371 1517
855 1212
1463 1806
1314 73
1541 368
1582 141
477 1696
1177 38
791 273
611 564
1322 209
1886 745
1941 1476
1371 263
1949 1447
257 48
640 763
921 1931
1734 1307
1976 610
906 1801
1131 1902
1313 1949
1072 884
1572 899
1504 13
185 903
1521 1574
172 1459
541 1417
181 991
1654 1981
167 404
1800 1770
1848 902
448 1041
1992 1220
1351 1476
994 839
545 1411
39 1933
204 1095
157 1969
1710 1028
1824 1645
1608 680
1948 1626
845 203
1465 225
707 1033
57 784
24 1018
244 1384
596 991
488 1283
158 1987
252 1961
866 653
756 1073
1896 1376
12 1041
541 1151
1310 1296
893 406
1927 367
610 1473
326 1309
615 487
1543 382
986 1577
41 37
1839 896
766 1123
1831 38
1301 232
952 805
1569 665
1879 1819
785 656
250 936
246 271
26 138
541 881
1124 1754
1848 461
1257 1103
1729 1664
1339 730
1954 244
1659 1280
438 536
344 1774
304 421
1846 1321
57 141
826 1722
809 797
1320 1680
137 193
731 1409
1221 1335
1275 494
1264 519
1799 1538
568 1051
1850 491
1087 1351
1585 773
646 1433
728 1947
1122 1322
1277 1561
1739 1317
247 1606
826 893
485 1386
1729 1704
663 1423
34 327
255 212
516 1699
1880 1311
1124 1795
1323 287
779 1145
1406 109
639 1817
196 173
381 1945
1862 1001
1687 484
1852 1714
1280 679
1606 481
772 1771
630 1526
496 437
654 1511
1156 377
1079 259
71 1074
1472 1275
265 1207
16 360
1546 763
775 1183
1117 1621
1345 724
407 1159
801 69
599 242
1353 1135
299 162
1478 162
309 867
383 1718
651 395
1955 1141
307 566
1199 806
926 635
1637 1953
755 1743
1800 244
516 1059
228 1866
1052 629
998 1337
755 1443
137 969
545 1086
799 840
1517 1580
578 1171
1889 422
693 1598
1280 1073
1776 1441
489 235
1060 771
1639 1921
1215 1879
1313 1517
846 4
1881 1430
371 615
969 70
1849 15
1887 740
215 279
415 970
1960 1727
41 1239
506 144
1038 37
675 854
482 881
776 1539
579 1919
1260 96
393 318
181 380
782 880
1590 571
442 814
1852 58
912 1002
1634 1985
167 1027
106 14
1687 1109
801 743
1880 1048
1849 1389
1415 1486
340 1305
288 575
1745 1364
1564 1172
1990 201
1504 1188
1219 1398
157 1499
500 1400
204 290
95 1554
439 2
446 1845
1100 416
1148 494
1112 1487
419 1233
1390 995
735 1642
614 494
742 1501
808 1253
636 506
77 1598
400 1938
277 944
1738 624
621 603
727 665
1687 1284
1272 1421
122 687
1944 124
892 762
175 6
320 518
1160 152
793 1372
1966 1995
817 141
105 614
55 1225
181 211
675 1855
93 277
814 247
1180 1777
390 1828
1209 1989
1043 1798
135 1022
1484 355
1257 1374
599 1176
609 1079
1936 696
504 859
43 1103
528 800
662 1198
199 303
388 546
1999 1177
533 1222
1847 100
901 518
374 17
98 378
1599 1827
230 1676
513 1924
1320 1689
419 359
1192 1133
270 464
594 1167
222 794
1048 251
907 1793
23 137
811 1262
727 85
1534 747
1229 508
1305 1777
810 1926
1637 1182
291 973
1377 96
59 8
1143 1792
1267 184
250 1132
860 1448
345 134
1575 941
1284 1265
1260 1655
1880 1855
1535 107
1196 1651
1892 1096
1109 1348
1640 1671
885 1334
199 1441
1997 1280
189 334
191 1227
1847 1965
619 1963
1177 1901
1034 1248
1632 1795
1289 315
704 1548
1365 1714
1930 619
505 1018
67 1749
1577 1803
1719 1343
449 221
693 1120
1854 1256
1889 1397
727 940
1134 1054
148 1344
365 790
276 1339
650 1256
454 1748
396 573
1939 1253
530 420
551 142
656 617
1051 9
1710 1625
1705 1985
61 1085
159 80
1145 1709
1339 1235
1245 1491
858 1710
665 1455
648 1626
1438 1573
1201 1715
407 10
1838 706
1423 705
953 560
713 1065
