1000 4941
1 506
1 569
1 580
1 766
2 123
2 281
2 372
2 771
2 872
2 971
3 111
3 132
3 173
3 174
3 681
3 736
4 150
4 536
4 639
4 718
4 751
4 811
4 868
4 886
5 800
5 976
6 285
6 706
6 755
7 310
7 333
7 589
8 117
8 273
8 402
8 601
8 827
9 120
9 134
9 772
9 857
9 911
10 186
10 265
10 813
11 223
11 546
11 655
11 725
11 756
11 913
12 176
12 771
12 947
13 25
13 27
13 483
13 610
13 643
13 687
14 471
14 528
15 124
15 364
15 520
15 522
15 523
15 620
15 842
15 919
16 211
16 374
16 384
16 528
16 602
16 696
17 354
17 459
17 748
17 944
18 125
18 270
18 704
19 90
19 95
19 242
19 306
19 509
19 722
19 745
19 827
19 895
19 949
20 78
20 135
20 324
20 487
20 825
20 830
20 931
21 152
21 450
21 498
21 549
21 680
22 363
22 659
22 887
23 12
23 619
23 780
23 883
23 935
24 118
24 129
24 394
24 590
24 724
24 815
25 77
25 214
25 412
25 896
26 50
26 104
27 202
27 643
27 719
27 857
27 953
28 145
28 221
28 232
28 885
28 893
29 82
29 108
29 146
29 358
29 600
29 839
30 125
30 178
30 581
30 727
31 93
31 202
31 467
31 585
31 926
31 950
31 1000
32 218
32 320
33 266
33 269
33 364
33 670
33 769
33 980
34 344
34 473
34 542
35 373
35 670
35 730
35 902
36 58
36 281
36 458
36 534
36 566
36 777
36 857
37 300
37 663
37 869
38 108
38 199
38 217
38 544
38 666
38 671
38 675
39 396
39 556
40 389
40 578
40 611
41 254
41 343
41 761
41 952
42 196
42 226
42 250
42 628
42 676
42 764
42 812
42 830
43 64
43 453
43 586
43 646
44 25
44 120
44 455
44 1000
45 171
45 191
45 827
46 213
46 410
46 734
46 756
46 844
46 893
47 44
47 208
47 321
47 572
47 947
48 111
48 139
48 144
48 501
48 737
49 505
49 578
49 623
49 648
49 661
49 720
49 961
50 195
50 249
50 556
50 847
51 54
51 192
51 277
51 384
51 435
51 465
51 703
52 451
52 517
52 536
52 723
53 348
53 400
53 578
53 783
54 123
54 604
54 758
54 772
55 114
55 406
55 431
55 638
56 108
56 122
56 464
56 491
56 557
56 663
56 806
57 80
57 97
57 189
57 271
57 472
57 592
57 720
57 961
58 69
58 926
58 935
59 223
59 459
59 542
60 244
60 313
60 431
60 462
60 488
60 505
60 644
60 645
60 954
61 562
61 675
62 129
62 305
62 307
62 389
62 829
63 98
63 290
63 354
64 244
64 441
64 698
64 736
65 153
65 257
65 678
66 20
66 525
66 526
66 751
66 798
66 811
67 225
67 331
67 669
67 919
68 97
68 485
68 587
68 783
68 889
69 222
69 229
69 572
69 716
69 883
70 660
70 715
71 384
71 571
71 862
72 108
72 177
72 243
72 527
72 711
72 759
73 450
73 640
73 728
73 747
73 848
74 165
74 174
74 263
74 283
74 461
74 691
74 881
75 474
75 817
76 344
76 813
77 511
77 519
77 705
78 79
78 326
78 906
79 151
79 179
79 226
79 694
80 405
80 874
80 928
81 484
81 714
81 753
81 767
81 790
81 832
81 998
82 32
82 445
82 481
82 513
83 973
84 156
84 166
84 182
84 224
84 246
84 349
84 464
84 802
84 824
84 839
84 848
85 138
85 410
85 776
85 832
85 930
85 998
86 33
86 88
86 133
86 404
86 449
86 707
86 812
87 186
87 201
87 223
87 351
87 506
88 291
88 324
88 327
88 373
88 415
88 541
88 730
88 769
88 871
88 876
88 934
89 208
89 385
89 533
89 539
89 564
90 160
90 395
90 407
90 530
90 538
90 613
90 761
90 937
90 993
91 419
91 509
91 614
91 654
92 77
92 100
92 105
92 248
92 372
92 384
93 323
93 372
93 589
93 760
93 859
93 883
94 262
94 406
94 446
94 597
94 645
95 76
95 275
95 448
95 588
96 66
96 79
96 522
96 694
96 713
96 903
97 53
97 83
97 271
97 305
97 642
97 689
97 708
98 172
98 219
98 361
98 395
98 438
99 8
99 473
99 484
99 594
99 813
99 998
100 27
100 92
100 319
100 662
101 37
101 141
101 215
101 259
101 264
101 393
101 510
101 527
101 685
101 983
102 48
102 80
102 274
102 642
102 689
103 985
104 37
104 259
104 475
104 532
104 537
104 733
104 939
105 92
105 447
106 33
106 633
106 639
106 798
106 868
107 591
107 662
107 969
108 301
108 466
108 744
108 824
108 976
109 10
109 186
109 316
109 509
109 542
110 188
110 446
110 515
110 586
110 632
110 875
110 917
110 955
111 24
111 74
111 681
111 690
111 692
111 924
112 195
112 246
112 469
112 651
112 861
113 172
113 230
113 254
113 407
113 766
113 826
114 263
114 793
114 977
115 117
115 186
115 201
115 363
115 459
115 502
115 594
115 618
115 627
115 827
115 895
116 429
116 432
116 650
116 694
116 804
117 8
117 290
117 508
117 949
117 951
117 987
118 130
118 313
118 701
118 873
118 894
119 170
119 183
119 234
119 806
119 976
120 134
120 202
120 311
120 383
120 447
120 914
120 963
121 70
121 296
121 630
121 647
121 677
122 141
122 243
122 369
122 475
122 680
122 817
122 909
122 990
123 16
123 926
124 327
124 360
124 376
124 713
124 798
124 814
125 212
125 245
125 264
125 463
125 652
125 823
126 88
126 197
126 404
126 816
127 152
127 270
127 355
127 512
127 593
127 806
128 192
128 323
128 423
128 771
129 68
129 303
129 305
129 313
129 325
129 472
129 485
129 622
129 658
130 64
130 274
130 446
130 529
130 568
130 810
131 297
131 315
131 414
131 499
131 522
131 545
131 678
131 693
131 989
132 43
132 55
132 165
132 590
132 606
132 624
132 645
132 853
132 954
133 297
133 670
134 342
134 883
135 20
135 153
135 269
135 543
135 903
136 510
136 556
136 848
137 764
137 843
137 980
138 205
138 253
138 454
138 748
138 912
139 60
139 691
140 101
140 108
140 285
140 294
140 336
140 463
140 728
140 747
141 101
141 393
141 733
141 824
142 424
142 481
142 531
142 649
143 327
143 331
143 340
143 370
143 425
143 629
143 636
143 641
143 816
144 49
144 244
144 540
144 558
145 76
145 205
145 402
145 667
145 756
146 142
146 362
146 393
146 562
146 593
146 664
147 39
147 108
147 421
147 617
147 808
148 13
148 25
148 198
148 457
148 657
149 51
149 58
149 158
149 942
150 78
150 88
150 226
150 359
150 804
151 225
151 449
151 517
151 577
151 866
151 965
152 140
152 362
152 626
152 686
153 251
153 769
153 988
154 80
154 692
155 521
156 513
156 553
156 581
156 600
156 649
156 675
156 686
157 42
157 327
157 334
157 479
157 629
157 650
158 69
158 148
158 235
158 374
158 935
158 963
158 975
159 160
159 191
159 289
159 436
159 506
159 535
159 542
159 888
159 998
160 655
160 887
161 32
161 112
161 178
161 355
161 877
162 5
162 142
162 258
162 440
162 581
162 686
162 739
162 817
163 382
163 395
163 490
163 742
163 748
163 951
164 50
164 178
164 553
164 819
165 40
165 102
165 515
165 646
165 754
165 822
166 287
166 999
167 36
167 482
167 598
167 765
167 883
168 479
168 526
168 573
168 641
169 60
169 426
169 622
169 623
170 119
170 270
170 444
170 475
170 727
170 939
171 489
171 721
171 740
171 742
171 786
172 921
173 263
173 916
173 928
174 144
174 305
174 401
174 472
174 709
174 720
174 881
174 955
175 389
175 446
175 622
175 900
175 954
176 25
176 134
176 801
176 904
176 935
177 142
177 195
177 445
177 680
177 807
177 941
178 61
178 182
178 440
178 444
178 943
178 970
179 196
179 429
179 536
179 567
179 855
180 140
180 147
180 215
180 369
180 531
181 242
181 767
181 930
182 37
182 304
182 358
182 475
183 258
183 424
183 469
183 531
183 544
183 819
184 33
184 135
184 150
184 196
184 751
185 407
185 588
185 982
186 230
186 496
186 962
187 24
187 49
187 244
187 274
187 609
187 611
187 849
188 632
188 658
188 779
188 788
188 881
189 165
189 194
189 606
189 623
189 645
189 646
189 829
189 881
190 12
190 277
190 413
190 696
190 796
191 734
191 790
191 887
191 901
191 937
191 994
192 107
192 299
192 385
192 703
193 163
193 201
193 546
193 923
193 974
194 97
194 307
194 724
194 856
195 72
195 218
195 524
195 651
195 802
196 52
196 327
196 965
197 260
197 451
197 764
197 863
198 534
198 947
199 37
199 119
199 300
199 481
199 869
200 146
200 282
200 481
200 763
201 171
201 231
201 655
202 591
202 712
203 349
203 476
203 510
203 651
203 746
204 83
204 129
204 645
204 793
205 185
205 380
205 459
205 986
205 987
206 178
206 649
206 671
207 443
207 801
207 963
208 236
208 281
208 311
208 371
208 482
208 599
208 682
208 743
208 978
208 992
209 116
209 338
209 479
209 567
209 717
209 828
209 991
210 263
210 350
210 472
210 501
211 198
211 214
211 710
211 719
211 978
212 755
212 943
213 99
213 302
213 618
213 654
213 768
214 279
214 662
214 695
214 719
214 760
214 872
215 84
215 224
215 774
215 795
215 839
216 279
216 284
216 457
216 511
216 585
217 18
217 21
217 252
217 704
218 249
218 367
218 469
218 640
219 8
219 230
219 951
220 66
220 633
220 840
220 915
220 932
221 201
221 459
221 879
222 216
222 248
222 277
222 435
222 564
222 765
222 801
223 113
223 454
223 627
223 722
223 768
223 891
223 944
223 982
224 73
224 164
224 498
224 527
224 653
224 680
224 908
225 131
225 315
225 470
225 554
225 628
225 636
225 717
225 723
225 915
226 415
226 554
226 825
226 991
227 334
227 373
227 668
227 699
227 828
227 905
227 934
228 125
228 195
228 504
228 537
228 664
229 12
229 149
229 458
229 534
229 750
230 99
230 113
230 145
230 776
230 821
231 46
231 109
231 172
231 232
231 240
231 767
231 821
231 832
231 884
232 221
232 448
232 813
233 89
233 599
234 161
234 258
234 294
234 355
234 388
234 688
234 741
234 823
234 848
234 968
235 128
235 208
235 673
235 845
236 604
237 3
237 43
237 68
237 575
237 592
237 900
237 973
238 207
238 375
238 792
238 892
238 907
239 526
239 699
239 850
240 59
240 160
240 343
240 448
240 477
240 538
240 732
240 748
240 846
240 901
241 398
241 474
241 688
242 46
242 59
242 278
242 489
242 542
243 56
243 200
243 249
243 264
243 555
243 651
243 759
244 94
244 210
244 394
244 431
244 462
244 784
245 56
245 61
245 141
245 301
245 378
245 468
245 510
245 531
245 964
246 664
246 744
246 990
247 194
247 244
247 401
247 431
247 575
248 236
248 731
249 37
249 301
249 355
249 486
249 939
250 116
250 255
250 359
250 517
250 672
250 699
250 931
251 86
251 124
252 259
252 510
252 544
253 99
253 290
253 884
254 163
254 794
254 974
255 155
255 257
255 317
255 418
255 620
255 636
255 715
255 730
255 866
256 55
256 57
256 80
256 441
256 480
256 783
256 973
257 470
257 554
257 775
257 851
257 988
258 532
258 970
259 61
259 104
259 177
259 388
259 445
259 727
260 155
260 197
260 286
260 479
260 693
260 699
260 730
261 237
261 568
261 822
262 130
262 441
262 568
263 350
263 701
263 867
264 300
264 349
264 428
264 565
264 739
264 817
264 964
264 968
265 223
265 289
265 352
265 456
265 538
265 761
265 860
266 116
266 910
267 408
267 695
267 969
267 978
268 230
268 280
268 419
268 820
268 884
268 912
269 227
269 370
269 672
269 707
270 183
270 243
270 252
270 294
270 476
270 507
270 640
270 806
270 970
270 983
271 60
271 188
271 350
271 661
271 955
272 84
272 637
272 807
273 352
273 395
273 616
273 745
273 832
274 43
274 49
274 314
274 400
274 420
274 480
274 587
274 681
274 709
275 1
275 63
275 145
275 454
275 616
275 762
275 813
275 887
275 930
275 949
276 189
276 325
276 348
276 426
276 586
276 799
276 925
277 27
277 391
277 604
277 700
278 98
278 363
278 434
279 93
279 519
279 918
279 963
280 612
281 383
281 514
281 696
281 938
282 73
282 161
282 164
282 200
282 245
282 320
282 486
282 653
282 747
283 187
283 189
283 292
283 348
283 357
283 691
284 149
285 39
285 294
285 481
285 617
285 782
286 52
286 86
286 143
286 693
286 855
287 245
287 264
287 320
287 444
287 704
287 940
288 625
288 699
289 28
289 550
289 674
289 820
289 997
290 45
290 275
290 659
290 778
290 844
291 633
291 828
292 3
292 405
292 547
292 754
292 967
293 263
293 329
293 568
293 609
294 161
294 178
294 320
294 336
294 605
294 739
295 51
295 93
295 416
295 571
295 780
296 494
296 931
297 67
297 88
297 985
297 989
298 368
298 586
298 689
299 14
299 36
299 190
299 838
300 177
300 320
301 75
301 127
301 353
301 481
301 663
301 685
301 976
302 11
302 232
302 508
302 584
302 901
302 923
302 949
302 986
303 55
303 210
303 422
303 849
304 38
304 355
304 411
304 663
305 110
305 325
305 431
305 590
305 779
306 268
306 290
307 325
307 689
307 917
308 48
308 204
308 244
308 263
308 431
308 472
308 634
308 784
308 894
309 81
310 356
310 719
311 77
311 552
311 602
312 604
312 758
313 129
313 611
313 959
314 118
314 603
315 126
315 291
315 570
315 936
315 980
316 87
316 185
316 221
316 240
316 273
316 496
316 546
316 756
316 833
316 884
317 197
317 324
317 334
317 359
317 495
318 622
318 894
319 123
319 585
319 710
319 953
319 1000
320 704
320 711
320 877
320 909
321 277
321 332
321 384
321 585
321 602
322 529
322 788
322 854
322 925
323 51
323 54
323 589
323 953
324 335
324 338
324 554
324 672
324 713
324 715
324 868
325 62
325 189
325 607
325 701
325 917
326 42
326 66
326 260
326 625
327 103
327 121
327 209
327 715
327 814
328 196
328 220
328 255
328 257
328 359
328 429
328 470
328 628
328 672
328 769
328 787
329 646
330 7
330 27
330 100
330 207
330 214
330 333
330 534
330 963
331 291
331 315
331 359
331 526
331 639
331 876
331 985
332 71
332 123
332 356
332 384
332 416
332 673
332 948
333 148
333 235
333 599
333 777
333 857
333 969
334 79
334 86
334 633
334 726
335 86
335 131
335 328
335 425
335 798
336 146
336 301
336 510
336 727
336 759
337 8
337 45
337 344
337 489
337 742
337 820
337 982
338 126
338 155
338 364
338 425
338 715
338 769
338 868
338 871
339 90
339 265
339 490
339 654
339 766
340 157
340 296
340 650
340 906
341 206
341 287
341 450
341 605
341 704
341 791
342 13
342 176
342 190
342 211
342 386
342 482
342 552
342 662
343 363
343 496
343 993
344 280
344 493
344 846
345 150
345 415
345 660
345 834
346 526
346 573
346 730
346 828
346 985
347 12
347 92
347 214
347 236
347 435
347 482
347 858
348 55
348 64
348 247
348 701
348 889
349 212
349 218
349 378
349 476
349 773
349 802
350 102
350 261
350 397
350 822
350 856
350 973
351 17
351 59
351 265
351 354
352 41
352 193
352 748
352 920
353 294
353 355
353 640
353 800
353 808
354 185
354 275
354 790
355 468
356 54
356 572
356 703
357 505
357 658
357 894
358 146
358 166
358 177
358 287
358 300
358 320
358 556
358 741
358 744
358 763
359 522
359 672
359 903
359 915
360 15
360 42
360 124
360 168
360 197
360 633
360 866
361 790
361 821
362 101
362 104
362 119
362 182
362 424
362 468
362 556
362 565
362 649
362 679
363 117
363 223
363 290
363 477
363 569
363 740
363 820
363 846
363 885
363 993
364 470
364 567
364 628
364 814
364 843
365 857
366 1
366 290
366 579
366 893
366 937
367 18
367 122
367 161
367 182
367 228
367 304
367 498
367 749
368 53
368 173
368 783
369 30
369 127
369 287
369 353
369 428
369 444
369 478
369 848
370 570
370 866
370 960
371 321
371 375
371 379
371 519
371 918
372 89
372 107
373 70
373 157
373 209
373 296
373 522
373 672
373 715
373 814
373 866
373 919
374 202
374 277
374 371
374 439
374 465
374 703
374 731
374 926
375 7
375 662
375 705
375 758
376 116
376 155
376 197
376 494
376 541
376 676
376 902
376 958
377 339
377 484
377 509
377 538
377 595
377 618
377 832
377 885
377 952
378 178
378 183
378 557
378 990
379 120
379 332
379 904
379 938
380 28
380 113
380 309
380 395
380 489
380 496
380 588
381 596
381 717
382 28
382 160
382 221
382 240
382 302
382 410
382 459
382 884
382 888
383 44
383 458
383 657
383 687
383 948
384 383
384 482
384 574
384 582
384 760
385 12
385 27
385 333
385 386
385 423
385 703
386 279
386 566
386 572
386 643
386 818
386 938
387 132
387 263
387 313
387 587
388 199
388 349
388 466
388 524
389 318
389 405
389 568
389 996
390 120
390 552
390 777
390 892
390 935
391 198
391 365
391 379
391 519
392 52
392 554
392 573
393 37
393 39
393 341
393 513
394 293
394 406
394 608
394 867
395 19
395 232
395 616
395 655
395 794
395 880
396 481
396 491
396 537
396 666
396 802
397 144
397 453
397 611
397 701
398 161
398 388
398 795
399 30
399 215
399 258
399 336
399 469
399 626
399 664
399 791
399 976
400 114
400 283
400 645
400 856
401 785
401 894
401 916
401 924
402 59
402 76
402 240
402 316
402 403
402 438
402 508
402 789
403 232
403 290
403 438
403 538
403 655
403 776
404 67
404 96
404 135
404 291
404 331
404 335
404 392
404 470
404 630
404 866
405 83
405 102
405 111
405 638
405 894
406 298
407 344
407 530
407 546
407 612
408 582
408 673
409 12
409 176
409 455
409 571
409 702
409 772
409 838
410 278
410 403
410 489
410 508
410 654
410 776
410 832
411 112
411 142
411 264
411 358
412 23
412 383
412 566
413 482
413 483
413 519
413 857
413 926
414 86
414 326
414 840
415 525
415 583
415 931
416 13
416 208
416 533
416 719
416 750
416 758
416 771
416 972
417 141
417 164
417 217
417 445
417 549
417 727
417 781
418 291
418 296
418 449
418 723
418 730
418 831
418 960
418 965
419 186
419 273
419 459
419 616
419 745
419 891
419 944
420 40
420 110
420 271
420 461
420 785
420 793
420 875
420 967
421 497
421 976
422 53
422 111
422 187
422 276
422 656
422 698
422 779
423 36
423 330
423 591
423 743
423 914
424 217
424 252
424 549
424 686
424 782
424 870
425 79
425 126
425 255
425 364
425 414
425 543
425 677
425 830
425 840
426 165
426 187
426 446
426 578
426 933
427 533
427 572
427 750
427 777
428 147
428 637
428 943
429 286
429 331
429 373
429 432
429 713
429 804
429 989
430 272
430 791
430 908
431 40
431 924
432 225
432 370
432 641
432 684
432 988
433 325
433 624
433 856
433 955
434 46
434 95
434 254
434 316
434 361
434 753
435 89
435 519
435 872
436 113
436 352
436 473
436 535
436 748
436 888
437 250
437 328
437 415
437 418
437 570
437 630
437 668
437 903
438 290
438 756
439 9
440 245
440 259
440 398
440 421
440 475
440 532
440 680
440 800
440 808
440 861
441 132
441 307
441 401
441 856
441 867
441 874
442 33
442 155
442 418
442 541
442 629
442 647
442 957
443 295
443 447
443 514
443 519
443 566
443 582
443 743
443 771
444 37
444 82
444 258
444 555
445 136
445 270
445 336
445 444
445 468
445 531
445 559
445 621
445 666
445 675
445 728
445 817
446 261
446 400
446 453
446 661
446 856
446 867
446 966
447 12
447 384
447 935
448 395
448 506
448 813
448 846
448 930
448 937
449 150
449 684
449 828
450 162
450 282
450 398
450 417
450 653
450 807
450 908
451 15
451 79
451 324
451 554
451 596
451 814
451 855
452 325
452 597
452 785
453 139
453 397
453 529
453 785
453 995
454 302
454 493
454 885
454 887
454 952
455 2
455 149
455 236
455 332
455 356
455 386
455 760
456 109
456 223
456 253
456 489
456 665
456 767
456 776
456 880
456 923
457 202
457 511
458 120
458 134
458 716
459 59
459 242
459 588
459 761
460 39
460 258
460 358
460 524
460 544
460 733
461 111
461 485
461 648
461 656
461 916
461 925
461 928
462 154
462 194
462 283
462 622
462 967
463 29
463 75
463 285
463 353
463 424
463 512
463 685
463 704
463 869
464 200
464 320
464 411
464 640
464 909
465 342
465 365
465 533
465 662
466 21
466 428
466 464
466 593
466 800
466 819
467 12
467 310
467 384
467 465
468 30
468 252
468 424
468 757
469 50
469 294
469 430
469 492
469 791
470 150
470 359
470 494
470 814
471 211
471 279
471 447
471 780
471 858
471 872
472 656
472 829
472 916
474 21
474 108
474 206
474 259
474 469
474 941
475 39
475 61
475 704
475 706
476 125
476 367
476 621
477 63
477 722
477 725
477 789
478 170
479 816
479 902
480 322
480 348
480 658
480 928
481 393
481 527
481 651
482 391
482 572
482 972
483 198
483 208
483 310
483 534
484 205
484 240
484 402
484 436
484 489
484 768
484 888
485 966
485 967
486 6
486 72
486 246
486 367
486 450
486 531
486 553
486 562
486 685
486 899
486 999
487 442
487 707
487 905
487 932
488 83
488 144
488 609
488 638
488 894
488 945
489 113
489 115
489 193
489 382
489 436
489 569
489 584
489 612
489 721
490 201
490 448
490 542
490 579
490 740
490 923
491 549
492 32
492 170
492 463
492 486
492 513
492 605
492 908
493 382
493 477
493 484
493 506
493 768
493 937
493 974
494 33
494 324
494 327
494 699
494 825
495 33
495 479
495 487
495 494
495 577
495 668
495 835
495 886
496 254
496 380
496 419
496 613
496 921
497 108
497 605
497 686
497 939
498 246
498 285
498 474
498 475
498 481
498 964
499 20
499 124
499 157
499 328
499 726
499 769
499 960
500 124
500 297
500 327
500 376
500 541
500 625
500 628
500 641
500 717
500 932
501 169
501 188
501 298
501 661
501 822
502 493
502 595
503 157
503 425
503 523
503 960
504 136
504 258
504 264
504 320
504 666
504 739
505 271
505 313
505 480
505 853
505 956
505 973
506 99
506 213
506 454
506 614
506 920
507 147
507 294
507 301
507 481
507 593
508 612
508 655
508 667
508 929
509 98
509 223
509 366
509 569
509 588
509 594
509 756
509 766
509 778
510 32
510 112
510 122
510 136
510 140
510 199
510 270
510 369
510 741
510 749
510 970
511 27
511 47
511 58
511 267
511 383
511 412
511 935
512 56
512 440
512 444
513 178
513 270
513 417
513 445
513 504
513 581
513 605
513 800
513 870
513 941
514 77
514 458
514 533
514 598
514 796
514 818
514 896
514 1000
515 62
515 187
515 204
515 318
516 36
516 69
516 610
516 772
517 15
517 103
517 184
517 660
517 694
517 830
517 834
517 910
517 934
517 984
518 328
518 376
518 543
518 798
518 991
519 310
519 379
519 598
519 696
520 334
520 804
520 831
520 960
521 296
521 326
521 449
521 541
521 669
521 836
521 965
522 79
522 628
522 960
523 65
523 151
523 543
523 570
523 989
524 38
524 228
524 300
524 399
524 463
524 464
525 52
525 153
525 442
525 583
525 636
526 4
526 269
526 536
526 545
526 804
526 814
526 834
527 108
527 217
527 243
527 294
527 666
527 739
528 408
528 416
528 682
528 883
529 325
529 406
529 648
529 709
529 783
529 933
529 956
530 17
530 45
530 496
530 569
531 75
531 234
531 285
531 498
531 757
531 976
532 140
532 195
532 246
532 469
532 478
533 134
533 323
533 598
533 635
533 731
533 760
533 896
534 390
534 700
534 818
534 883
535 253
535 382
535 616
535 732
535 901
536 88
536 153
536 340
536 346
536 625
536 936
537 61
537 161
537 399
537 474
537 476
537 664
537 773
537 800
538 361
538 659
538 884
539 9
539 89
539 236
539 772
539 878
540 83
540 102
540 237
540 472
540 752
540 815
541 257
541 577
541 583
541 984
542 306
542 551
542 766
543 70
543 297
543 583
544 282
544 393
544 803
545 255
545 660
545 830
546 289
546 484
546 569
546 937
546 951
547 431
547 829
547 928
548 391
548 467
548 862
548 953
549 112
549 652
549 686
550 59
550 551
550 895
550 951
551 85
551 95
551 109
551 410
551 508
551 631
551 797
552 31
552 190
552 423
552 471
552 673
552 710
553 537
553 664
553 791
554 126
554 196
554 520
554 583
554 903
555 249
555 369
555 510
555 565
555 839
555 908
556 141
556 164
556 218
556 301
556 388
556 553
556 728
557 73
557 104
557 259
557 943
558 210
558 406
558 431
558 681
558 917
558 959
559 243
559 301
559 304
559 393
559 686
559 759
559 943
560 174
560 175
560 305
560 397
560 979
561 188
561 262
561 394
561 540
561 560
562 259
562 300
562 362
562 468
562 817
563 114
563 256
563 274
563 462
564 47
564 198
564 435
564 534
564 566
564 792
564 845
564 911
564 971
565 21
565 399
565 671
565 685
565 806
565 864
566 375
566 682
566 695
566 911
566 914
567 151
567 851
568 55
568 57
568 322
568 452
569 41
569 268
569 762
570 52
570 143
570 335
570 345
570 470
570 628
571 279
571 390
571 796
571 948
572 384
572 942
572 948
573 116
573 338
573 345
573 346
573 830
574 9
574 16
574 516
574 705
575 561
575 645
576 623
577 78
577 324
578 80
578 271
578 307
578 563
579 410
579 436
579 477
579 993
580 219
580 223
580 275
580 436
580 722
580 732
580 756
580 865
581 460
581 486
581 940
581 941
582 192
582 682
582 687
582 914
583 143
583 812
584 138
584 343
584 489
584 929
585 13
585 47
585 229
585 379
585 750
585 914
586 62
586 80
586 97
586 132
586 690
586 873
587 433
587 724
588 81
588 95
588 273
589 158
589 390
589 458
589 657
589 662
589 750
590 111
590 173
590 611
590 708
591 222
591 356
591 386
591 390
592 461
592 623
592 646
593 104
593 294
593 556
593 802
594 448
594 496
594 502
594 616
594 920
594 952
595 221
595 551
595 949
596 20
596 150
596 291
596 373
596 541
596 798
596 834
596 851
596 897
596 922
597 129
597 165
597 188
597 431
597 697
598 743
598 896
599 16
599 267
599 281
599 342
599 511
599 585
599 610
599 947
600 122
600 468
600 512
600 685
600 757
600 774
600 870
600 990
601 436
601 454
601 722
602 158
602 207
602 299
602 310
602 311
602 519
602 765
602 796
603 313
603 689
603 779
603 793
603 916
604 105
604 149
604 312
605 747
606 62
606 590
606 644
606 954
606 977
607 293
607 815
607 875
607 928
607 956
608 247
608 394
608 401
608 452
608 737
608 966
608 973
609 80
609 83
609 169
609 485
609 563
609 644
609 689
610 58
610 564
610 712
611 276
611 433
611 472
611 644
611 689
611 874
611 973
612 10
612 240
612 242
612 343
612 538
612 601
612 790
612 912
613 138
613 419
613 448
613 496
614 191
614 395
614 477
614 742
615 80
615 959
615 967
616 113
616 191
616 316
616 778
616 993
617 30
617 744
618 8
618 219
618 509
618 551
618 826
618 844
618 920
619 284
620 250
620 370
620 639
620 836
621 178
621 272
621 463
621 704
622 187
622 303
622 357
622 515
622 590
622 609
622 752
622 900
622 917
622 966
623 174
623 210
623 322
623 815
623 874
623 925
624 431
624 586
624 609
624 615
624 634
624 754
626 430
627 99
627 302
627 579
628 636
628 715
628 764
628 769
629 266
629 866
631 145
631 290
631 569
631 714
632 188
632 422
632 453
633 88
633 151
633 226
633 376
633 418
633 567
633 629
633 871
634 49
634 788
634 810
635 107
635 149
635 383
635 533
635 657
635 914
635 947
635 978
636 225
636 226
636 418
636 570
636 730
636 835
636 871
637 206
637 215
637 217
637 671
637 747
637 968
638 83
638 165
638 174
638 303
638 308
638 357
638 433
638 623
638 853
639 257
640 101
640 125
640 127
640 476
640 497
640 685
640 763
641 297
641 811
641 814
641 871
642 110
642 237
642 563
642 785
642 889
642 900
643 619
644 607
645 80
645 237
645 271
645 274
645 329
645 452
645 578
645 638
645 793
645 954
646 189
646 305
646 426
646 597
646 642
646 916
647 106
647 197
647 903
648 139
648 237
648 368
648 488
648 592
648 615
648 692
649 156
649 182
649 877
649 890
650 35
650 499
650 628
650 647
650 843
651 399
651 417
651 481
651 652
651 773
652 32
652 466
653 428
653 877
654 181
654 952
655 254
655 542
655 753
656 40
656 394
656 576
656 623
656 692
656 752
656 894
657 372
657 539
658 40
658 129
658 271
658 357
658 488
658 646
658 752
658 793
659 242
659 459
659 546
659 655
659 860
660 150
660 226
660 317
660 694
660 804
660 984
661 102
661 689
661 754
661 829
661 966
662 236
662 705
662 942
663 38
663 424
663 444
663 704
663 739
663 869
664 757
665 254
665 352
665 493
665 846
665 891
666 162
666 626
666 841
667 163
667 530
667 891
667 893
667 997
668 15
668 78
668 825
668 876
669 79
669 521
669 715
669 834
669 989
670 545
670 570
670 669
670 693
670 834
671 234
671 362
671 498
671 679
671 746
671 795
672 4
672 633
672 770
672 871
673 100
673 333
673 719
673 1000
674 17
674 95
674 145
674 242
674 860
674 962
675 39
675 142
675 468
675 475
675 553
675 666
677 66
677 629
677 676
678 33
678 196
678 257
678 437
678 479
678 812
679 170
679 466
679 507
679 532
679 847
680 127
680 140
680 228
680 476
680 807
680 990
681 169
681 505
681 690
681 708
681 894
682 710
682 772
682 852
682 914
683 35
683 328
683 376
683 517
683 636
683 805
683 842
684 4
684 96
684 297
684 340
684 364
684 694
684 897
684 903
685 282
685 600
685 823
686 468
686 741
686 909
687 69
687 176
687 610
687 703
688 6
688 61
688 272
688 388
688 411
688 759
688 808
688 941
689 350
689 357
689 426
689 540
689 560
689 917
690 175
690 305
690 307
690 405
690 422
690 540
690 615
690 752
691 60
691 83
691 303
691 322
691 433
691 661
691 724
691 752
691 785
692 53
692 292
692 624
693 577
693 668
693 715
693 835
693 836
694 86
694 126
694 168
694 331
694 668
694 751
694 905
694 958
695 16
695 54
695 427
695 534
695 552
695 574
695 589
695 731
695 911
696 58
696 310
696 356
696 519
696 574
696 731
696 838
696 862
697 175
697 262
697 480
697 624
697 645
697 661
698 609
699 157
699 315
699 340
699 726
700 93
700 149
700 202
700 413
700 862
701 400
701 501
701 529
701 638
701 692
701 720
701 829
701 933
702 591
702 619
702 878
703 158
703 202
703 409
703 572
703 953
704 38
704 336
704 460
704 555
704 744
705 148
705 412
705 439
706 39
706 72
706 206
706 367
706 464
706 481
706 653
706 803
706 976
706 999
707 70
707 151
707 157
707 373
707 573
707 816
708 256
709 420
709 575
709 623
709 822
709 829
710 176
710 190
710 365
710 572
710 883
710 942
711 104
711 108
711 195
711 355
711 492
711 553
711 663
712 2
712 482
712 760
712 796
712 978
713 239
713 373
713 432
713 694
713 715
713 903
714 351
714 827
714 912
714 951
715 153
715 554
715 805
716 51
716 71
716 710
716 712
716 818
716 845
716 972
717 470
717 828
717 843
717 903
718 133
718 628
718 866
718 876
718 960
719 571
720 154
720 169
720 401
720 441
720 916
721 253
722 410
722 454
722 601
722 740
723 251
723 520
723 837
724 194
724 244
724 247
724 274
724 348
724 779
725 98
725 205
725 213
725 509
726 415
726 596
726 670
726 804
726 843
726 902
727 37
727 108
727 649
728 61
728 75
728 141
728 486
728 510
729 60
729 144
729 575
729 692
729 788
730 52
730 67
730 536
730 677
730 751
730 805
730 863
730 989
731 77
731 356
731 457
731 716
731 758
731 796
731 926
732 714
732 865
732 912
733 353
733 774
734 109
734 213
734 484
734 665
734 893
734 913
735 89
735 519
735 687
736 3
736 261
736 357
736 634
736 754
736 996
737 53
737 110
737 597
737 644
737 900
737 924
738 27
738 93
738 443
738 539
738 760
738 859
738 914
738 953
739 388
739 510
739 593
740 10
740 403
740 436
740 535
740 616
740 887
740 949
741 6
741 243
741 369
741 463
741 557
741 679
741 755
742 550
742 618
742 833
743 123
743 233
743 236
743 534
743 883
744 440
744 512
745 109
745 309
745 436
745 714
745 920
745 986
746 355
746 466
746 908
747 82
747 170
747 182
747 320
747 396
747 464
747 593
747 755
747 781
747 817
748 28
748 879
748 901
749 75
749 140
749 141
749 177
749 424
749 497
749 581
749 741
750 385
750 610
750 702
750 845
751 326
751 470
751 494
751 636
751 669
751 694
751 726
751 902
751 984
752 68
752 485
752 698
752 779
752 925
752 954
753 22
753 159
753 344
753 403
754 698
754 720
755 349
755 504
755 652
755 679
755 782
756 231
756 253
756 265
756 436
757 444
757 478
757 532
757 686
757 746
757 940
757 964
758 77
758 310
758 319
758 412
758 483
758 682
758 695
758 845
758 947
759 26
759 127
759 170
759 200
759 258
759 294
759 341
759 396
759 411
759 557
759 706
759 848
760 158
760 423
760 435
760 589
760 953
761 59
761 242
761 714
762 219
763 909
763 941
764 155
764 429
764 577
764 668
764 707
764 863
765 467
765 599
766 34
766 569
766 725
766 997
767 10
767 230
767 456
767 584
767 753
767 923
767 993
768 90
768 171
768 594
768 879
768 952
768 982
769 220
769 432
769 536
769 633
769 678
770 360
770 432
770 629
770 650
770 804
770 922
770 985
771 12
771 192
771 390
771 471
771 750
771 859
771 918
772 16
772 198
772 384
772 435
772 516
772 696
773 50
773 72
773 507
773 512
773 848
774 241
774 755
774 839
775 35
775 52
775 583
776 45
776 454
776 768
776 920
777 92
777 439
777 582
777 719
777 914
777 942
778 242
778 797
779 194
779 261
779 313
779 318
779 422
779 501
779 609
779 874
779 889
779 945
780 36
780 248
780 386
780 447
780 589
781 749
781 861
782 18
782 234
782 450
782 605
782 686
783 293
783 303
783 547
783 658
783 701
783 979
784 24
785 132
785 173
785 189
785 256
785 305
785 698
786 90
786 181
786 205
786 366
786 627
786 993
787 143
787 225
787 723
788 132
788 624
788 867
788 873
789 240
789 275
789 402
789 776
789 912
790 34
790 363
790 395
790 921
791 166
792 12
792 16
792 208
792 235
792 332
792 375
792 458
793 540
793 623
793 624
793 924
794 1
794 41
794 138
794 172
794 230
794 278
794 448
794 614
794 923
795 136
795 183
795 685
795 759
795 807
795 869
795 870
796 435
796 528
796 719
797 213
797 613
797 929
797 937
798 837
799 405
799 900
800 37
800 264
800 557
801 735
802 224
802 469
802 755
802 968
803 39
803 258
803 562
803 749
804 850
804 871
804 903
805 35
805 197
805 625
805 641
805 676
805 855
806 217
806 264
806 440
806 466
806 803
807 136
807 178
807 258
807 463
807 549
807 774
808 152
808 259
808 264
808 300
808 460
809 65
809 317
809 364
809 812
809 814
810 194
811 96
811 131
811 251
811 288
811 442
811 707
811 843
812 359
812 415
812 804
812 851
813 59
813 509
814 209
814 327
814 713
814 718
814 834
814 980
815 49
815 350
815 405
815 945
816 106
816 338
816 470
816 647
816 676
816 717
817 84
817 108
817 119
817 142
817 246
817 460
817 474
817 626
817 685
818 635
819 82
819 119
819 349
819 549
819 626
820 63
820 273
820 436
820 614
820 722
820 920
820 986
821 407
821 438
822 129
822 691
822 701
822 917
823 61
823 178
823 217
823 320
823 733
824 61
824 142
824 215
824 270
824 353
824 486
824 649
824 808
825 157
825 418
825 570
825 831
825 886
826 181
826 865
826 884
827 41
827 45
827 46
827 113
827 253
827 278
827 289
827 309
827 489
827 612
827 631
827 725
827 732
828 334
828 449
828 834
829 43
829 174
829 274
829 689
829 720
829 799
830 35
830 269
830 840
830 863
831 33
831 65
831 429
831 520
831 775
831 958
832 580
832 748
832 820
832 891
833 11
833 34
833 493
833 674
834 133
834 220
834 541
834 647
835 88
835 239
835 404
835 503
835 669
835 699
835 897
836 143
836 326
836 404
836 570
836 787
836 903
837 518
838 158
838 198
838 443
838 948
839 30
839 108
839 199
839 460
839 491
839 559
840 266
840 392
840 567
841 234
841 398
841 466
841 653
841 757
841 791
842 227
842 364
842 835
842 989
843 96
843 168
843 220
843 334
843 338
843 418
843 903
843 910
844 550
844 569
844 981
845 2
845 54
845 233
845 281
845 310
845 572
845 777
846 171
846 309
846 502
846 742
847 206
847 241
847 474
847 524
847 555
847 600
847 605
847 824
848 125
848 162
848 178
848 430
848 466
848 666
849 308
849 578
850 179
850 197
850 583
850 620
850 678
851 103
851 641
851 693
852 47
852 148
852 356
852 455
852 458
852 662
852 705
852 716
852 975
853 244
853 697
853 856
854 43
854 57
854 80
854 110
854 175
854 271
854 642
855 106
855 573
855 650
855 699
855 730
855 805
856 263
856 849
857 330
857 953
858 198
858 311
858 482
859 93
859 311
859 356
859 371
859 1000
860 230
860 659
860 742
861 32
861 270
861 300
861 555
861 617
861 824
861 847
861 976
862 27
862 323
862 516
862 845
863 135
863 713
863 715
863 726
863 866
864 200
864 228
864 795
864 943
865 109
865 191
865 714
865 734
865 821
865 827
865 937
866 376
866 381
866 518
866 669
866 699
866 922
867 174
867 313
867 322
867 329
867 472
867 698
867 966
868 33
868 126
868 404
868 625
868 629
868 980
869 29
869 30
869 75
869 156
869 450
869 475
870 463
870 478
870 553
870 774
870 802
871 137
871 143
871 340
871 523
871 672
871 683
872 69
872 158
872 519
872 539
872 702
872 771
873 53
873 322
873 368
873 638
873 854
874 53
874 74
874 130
874 568
874 578
874 590
874 955
875 307
875 322
875 561
876 518
876 596
876 677
876 809
876 936
876 960
877 252
877 282
877 428
877 513
877 532
877 581
877 807
877 817
877 824
878 148
878 511
878 516
878 572
878 735
879 59
879 337
879 631
879 944
880 1
880 90
880 230
880 489
880 550
880 594
881 505
882 71
882 235
882 321
882 383
882 566
882 635
883 100
883 207
883 248
883 386
883 447
883 534
883 539
883 591
883 702
883 852
883 857
883 911
884 117
884 268
884 768
884 879
884 880
885 91
885 290
885 419
885 490
885 832
885 833
886 432
886 479
886 503
886 573
886 991
887 19
887 85
887 109
887 232
887 410
887 594
887 865
888 612
888 982
889 189
889 247
889 560
889 568
890 146
890 349
890 513
891 98
891 113
891 535
891 734
891 756
892 9
893 91
893 181
893 860
894 49
894 624
894 822
894 977
895 240
895 278
895 377
895 601
896 105
896 167
896 330
896 591
896 872
897 131
897 197
897 495
897 503
897 620
897 630
897 713
897 840
898 74
898 188
898 632
898 646
898 697
898 954
899 164
899 180
899 301
899 304
899 320
899 497
899 664
899 808
899 990
900 348
900 609
900 724
900 853
900 917
900 967
901 8
901 309
901 616
902 20
902 392
902 545
902 804
903 327
903 677
903 812
903 985
904 128
904 511
904 610
904 712
904 845
905 124
905 157
905 828
905 906
905 922
906 197
906 628
907 54
907 233
907 295
907 379
907 458
907 914
907 935
908 127
908 839
909 146
909 182
909 195
909 652
909 807
909 970
910 103
910 629
910 693
911 120
911 695
911 972
912 343
912 579
912 601
912 762
912 944
914 12
914 312
914 643
914 862
914 872
915 345
916 114
916 165
916 175
916 187
916 325
916 634
917 318
917 480
917 645
917 793
917 822
917 966
918 58
918 233
918 385
918 845
919 20
919 338
919 520
919 684
919 866
919 906
920 115
920 273
920 363
920 580
920 588
920 921
920 994
921 99
921 363
921 725
922 392
922 470
922 500
922 957
923 888
923 895
923 998
924 793
924 815
924 875
924 881
925 64
925 80
925 558
925 576
925 779
926 332
927 46
927 181
927 354
927 832
927 982
928 40
928 406
928 658
928 967
929 41
930 98
930 213
931 121
931 814
932 266
932 525
932 718
932 809
932 988
933 698
933 701
933 720
934 52
934 414
934 868
935 149
935 356
935 657
935 862
935 918
935 963
936 184
936 451
936 633
936 814
936 932
936 960
937 280
937 316
937 434
937 509
937 613
937 614
937 860
938 176
938 248
938 465
938 572
939 234
939 399
939 424
939 481
939 559
939 841
939 877
939 970
940 37
940 182
940 259
940 301
940 510
940 512
940 999
941 183
941 199
941 450
941 640
942 7
942 31
942 295
942 319
942 528
942 534
942 571
942 1000
943 26
943 224
943 272
943 341
943 507
943 847
943 999
944 205
944 454
944 535
944 631
944 952
945 576
945 689
946 352
946 410
947 7
947 310
947 408
947 602
948 202
948 222
948 796
948 1000
949 87
949 725
949 776
949 981
949 987
950 23
950 323
950 619
950 687
950 858
951 289
951 456
951 762
951 766
951 821
951 912
951 962
951 982
952 138
952 205
952 756
952 860
952 930
953 31
953 281
953 712
953 771
953 950
954 293
954 401
954 894
954 928
956 55
956 194
956 276
956 485
956 529
956 606
956 783
956 954
957 52
957 65
957 239
957 331
957 596
957 641
957 718
957 868
957 958
958 449
958 495
958 536
958 934
959 62
959 64
959 263
959 400
959 405
959 977
959 979
960 151
960 196
960 315
960 346
960 415
960 677
960 718
960 730
960 932
960 980
961 307
961 446
961 979
962 117
962 937
962 951
963 100
963 229
963 391
963 416
963 533
963 682
963 772
963 845
964 170
964 531
964 581
964 652
964 781
964 795
964 807
965 15
965 106
965 153
965 360
965 437
965 487
965 620
965 919
966 165
966 784
967 129
967 276
967 325
967 597
967 785
967 917
968 166
968 234
968 675
968 749
968 781
968 970
969 149
969 332
969 427
969 838
969 935
970 217
970 362
970 393
970 460
970 476
970 524
970 704
970 861
971 25
971 54
971 107
971 427
971 457
971 528
971 635
971 772
971 818
971 845
972 14
972 167
972 238
972 455
972 700
972 710
972 712
972 892
973 97
973 169
973 292
973 387
973 575
974 87
974 221
974 306
974 448
974 654
974 766
974 826
974 951
975 92
975 750
975 872
976 29
976 203
976 424
976 557
976 727
976 757
976 774
976 939
977 187
977 298
977 698
977 873
977 961
978 69
978 128
978 202
978 214
978 571
979 94
979 132
979 175
979 606
979 867
980 629
980 811
981 22
981 87
981 484
981 493
981 538
981 794
981 844
981 860
982 8
982 363
982 477
982 725
982 748
982 880
983 444
983 537
983 739
983 807
984 260
984 503
984 825
985 288
985 315
985 825
985 965
985 989
986 95
986 171
986 740
987 95
987 477
987 740
988 15
988 78
988 650
988 670
988 835
988 957
989 269
989 317
989 660
989 903
990 112
990 388
990 430
990 481
990 524
991 67
991 88
991 155
991 257
991 629
991 647
992 299
992 385
992 412
992 571
993 242
993 363
994 81
995 292
995 501
995 611
995 634
995 692
996 406
996 446
996 681
996 736
996 799
997 46
997 221
997 627
997 776
998 22
998 221
998 407
998 762
999 136
999 498
999 605
1000 371
1000 687
1000 872
1000 942
