5000 9990
1 948
1 1928
2 1786
4 2511
4 4058
5 2298
5 3291
6 2973
9 1582
9 2339
10 1957
11 1744
11 3679
11 4713
12 690
12 2567
13 703
16 833
16 1200
16 3369
16 3405
17 1653
17 4481
17 4948
18 1278
19 613
19 1438
20 795
21 343
21 849
21 3139
21 3791
22 1866
23 74
23 3640
23 3721
24 239
25 1256
26 391
27 763
27 1237
28 2205
28 3469
28 4768
29 1442
29 1826
29 3584
30 732
31 444
31 1930
31 4488
32 335
32 4706
33 2070
33 4456
34 540
34 2082
34 3870
34 4322
35 486
35 2169
35 3897
37 358
37 864
37 1607
37 4791
37 4977
38 3086
39 217
39 4840
41 1198
41 2764
41 2899
41 3966
42 2110
42 2489
43 162
44 90
44 121
44 1000
44 2682
44 3926
45 801
45 2245
45 4951
47 2927
48 626
48 3462
49 587
49 1583
50 430
50 1128
50 4140
50 4905
51 637
51 2649
53 3639
54 1012
54 3414
55 1193
55 2684
55 2739
57 3876
58 153
59 2721
61 2473
61 2961
62 292
62 1273
62 2047
63 50
63 871
63 2680
63 3080
63 3316
64 2386
64 3438
65 4476
67 499
67 641
67 1052
67 1495
68 1824
68 4942
69 1090
69 2710
69 4176
71 606
72 1885
73 2263
74 2191
75 1186
75 2333
75 4982
76 351
76 2218
76 3494
76 4297
76 4931
77 1467
77 2161
77 3143
79 1394
79 1810
79 1896
79 2117
79 2262
79 2971
80 2685
80 3694
80 4990
81 1221
81 1983
82 227
82 2491
82 2534
83 43
83 4894
83 4947
84 2776
84 3695
84 3737
85 4497
85 4777
87 3475
87 3490
87 4673
87 4904
88 159
88 2248
88 2342
88 3928
89 1987
90 3761
90 3985
91 4302
91 4856
92 177
92 545
92 712
92 972
92 4487
93 1586
93 2408
93 2880
94 1354
94 4924
95 1469
95 1471
95 3202
96 393
96 933
96 4997
97 1423
97 1509
97 2749
97 3634
98 936
98 2462
99 1794
99 4359
100 2128
101 1129
101 2207
101 2333
104 2191
104 3873
105 1492
105 4346
106 1213
106 1711
106 2201
106 2658
106 4586
107 978
110 1349
110 3034
110 3423
110 4319
111 238
111 1653
111 2649
111 3089
112 1714
113 2029
114 467
114 2321
114 4943
115 1101
115 1128
115 1444
115 2853
116 2840
116 4193
116 4662
116 4917
117 1514
118 1369
118 3203
118 4603
118 4654
118 4694
119 1332
119 2678
119 3063
119 3225
119 4324
120 836
120 2241
120 2427
120 3254
120 4398
121 1571
121 2018
121 3204
122 241
123 1827
123 3076
123 3387
124 749
124 3541
124 3855
126 1267
127 1461
128 3835
130 2034
130 2070
130 3054
131 2865
131 3106
132 611
132 1317
132 1514
132 1765
132 3260
132 3649
133 3073
133 4692
134 767
134 3801
135 200
135 2359
135 2723
136 1251
136 3112
136 3640
136 4323
136 4899
137 1629
137 2726
137 3294
138 195
138 3908
140 705
140 2004
141 517
141 1648
142 1315
142 1871
142 2903
143 1139
145 309
145 547
145 3488
145 4014
145 4021
145 4825
146 835
147 1792
148 181
148 666
148 2230
148 3910
150 362
150 1164
150 2462
151 3619
152 1288
154 2548
154 3503
154 3924
155 1623
155 2008
155 2297
155 2538
156 2022
156 4850
157 1735
157 3554
158 236
158 2478
158 2489
159 2054
161 2351
162 5
162 300
162 566
162 580
162 742
162 4683
163 628
163 1410
164 139
164 4839
165 265
165 919
165 2456
165 3748
165 4540
165 4657
166 105
166 1674
167 2275
167 3649
167 4970
168 125
168 1653
169 351
169 392
169 4630
170 393
171 5
171 346
171 4577
173 2367
174 1696
174 1867
175 1232
175 2498
176 820
176 4762
176 4791
177 4573
178 1230
179 574
179 1983
179 4494
180 3966
180 4759
181 4726
182 3173
183 1840
183 2880
183 3902
184 1624
184 4100
185 1472
185 1802
185 2541
186 4745
187 1901
187 2262
187 3200
189 1541
189 2670
189 4459
189 4997
190 4047
192 220
192 3633
192 3664
193 1801
193 3354
194 268
194 3426
194 4820
195 1137
195 4501
196 759
196 1628
196 2453
196 3930
197 2451
197 3023
198 2130
199 4799
200 326
200 2215
201 55
201 1952
201 2266
201 4298
202 1089
203 1282
203 2803
204 514
205 2280
205 2912
207 2503
208 3675
209 1506
210 597
211 1562
211 1741
211 3441
212 2466
212 3251
212 3748
212 4188
213 1141
213 1486
213 2335
213 3136
214 4197
215 589
215 1468
215 2563
217 1695
217 3189
217 4269
218 871
218 2998
218 4964
219 1047
219 1361
219 1626
219 3885
220 191
220 1166
220 1615
220 3971
220 4558
221 1921
222 2626
223 4860
225 1874
226 104
226 435
226 896
227 1413
227 2498
227 3147
229 627
229 907
229 1083
229 1315
230 1418
230 3860
231 668
231 2832
231 3995
232 413
232 2414
232 2689
232 3502
232 4905
233 701
233 1389
233 1593
233 3672
234 1454
234 4173
235 1890
237 255
237 2956
238 425
238 1866
238 2033
238 4376
239 623
239 2465
239 3560
239 4727
240 2852
240 4074
241 3479
241 4216
241 4753
242 1377
242 4808
243 1306
243 1538
243 3770
244 2553
245 2626
246 1733
246 1749
246 3231
246 4767
247 4735
248 4184
249 659
249 3056
249 3449
249 4118
249 4873
250 1224
250 1556
250 4031
251 1012
251 1383
252 91
252 340
252 3732
253 2556
253 3534
253 4294
254 2605
254 4626
255 643
256 143
256 1646
256 2626
256 3136
257 1671
257 3679
257 4107
258 2291
258 4765
262 1117
262 3581
264 592
265 1786
265 2926
265 3865
265 4266
265 4795
267 4009
268 1735
268 2253
268 4809
268 4822
269 171
269 2718
271 561
272 229
272 744
273 24
273 1906
274 1859
274 2515
274 4725
275 3303
276 3622
276 3694
277 166
277 1011
277 4061
277 4611
279 885
279 1620
279 4027
280 3746
281 142
281 3305
282 867
283 223
283 623
283 1097
283 3547
284 2821
284 3029
285 346
285 579
286 2396
288 1304
288 3959
289 212
290 3538
291 71
291 439
291 1943
291 2626
291 4183
291 4480
291 4828
291 4951
292 4715
293 668
293 1416
293 2346
293 3739
294 516
294 903
294 3824
296 2290
297 2159
297 3673
297 4792
298 2351
298 3861
298 4293
299 618
299 2452
299 4895
301 298
301 1103
301 3093
302 263
302 2352
304 278
304 3025
304 3415
304 3434
306 4238
307 3968
308 1204
308 1719
308 2362
309 1689
310 1572
311 555
311 3933
311 4877
311 4987
312 188
313 2366
313 2546
313 3867
314 175
314 647
314 1880
314 1953
314 2672
314 2782
314 4320
315 1632
315 3663
316 1458
317 1389
318 2677
318 4953
319 1100
320 999
320 4155
321 76
321 257
321 2102
321 2606
321 4702
322 1296
322 2405
322 2628
323 1478
323 2298
323 2307
324 3174
324 4201
325 238
325 4982
328 145
328 3292
329 604
330 517
330 525
330 2658
330 2914
330 3982
330 4269
332 372
332 2960
333 408
334 403
334 534
334 2440
334 4393
335 1276
335 1835
335 4652
335 4969
336 3077
336 3984
338 1425
338 2935
339 2423
339 4125
339 4460
340 2442
340 3102
340 3430
341 1558
342 930
343 4255
344 1235
344 1991
344 3843
345 2116
345 2981
346 2202
346 2433
346 4091
347 4369
348 2387
348 3071
348 4235
349 521
349 1514
349 2635
349 4396
350 1299
351 1347
351 1512
351 2178
353 1095
353 4324
354 162
354 808
354 2473
354 4708
355 458
355 1927
356 637
356 4040
357 1156
357 3541
357 4813
358 60
358 77
358 3067
359 1057
359 1212
359 2647
360 1868
361 590
361 2232
362 881
362 4195
363 2498
363 3506
364 63
364 1316
364 2245
364 3094
364 4742
365 1126
365 2706
366 3931
367 2931
367 3709
368 2435
368 2825
368 3298
368 3653
368 4093
369 1034
369 1361
369 2719
369 4879
370 891
370 3820
370 4281
371 1225
371 2766
372 1469
372 2982
372 4297
373 2062
373 2702
374 3225
374 3444
374 3955
375 2925
376 1929
376 4531
377 359
377 3707
378 911
378 3935
379 137
379 373
379 3968
380 4725
381 184
381 4163
381 4675
382 315
382 3996
382 4070
383 4881
384 3666
385 409
385 1049
385 1462
385 3278
385 4433
385 4951
386 1000
386 1267
386 1456
386 2086
386 2157
386 2682
387 818
387 1385
388 3902
391 3985
392 223
392 2411
392 4319
392 4355
393 3008
393 4377
394 800
394 1963
394 3019
395 909
395 1830
395 2192
396 650
399 145
400 2948
401 2410
401 3094
402 896
402 4930
403 2732
404 155
404 2762
404 3553
405 1561
405 3730
405 4651
406 689
406 1310
406 3009
407 2054
408 1264
408 2233
408 3801
409 1890
410 2066
411 904
411 1013
411 1191
411 3398
412 737
412 2126
412 4089
412 4103
413 4602
414 1176
414 2353
415 4451
416 2144
416 2860
416 3962
417 439
418 137
418 1305
419 957
419 1706
419 2626
420 3980
422 1442
422 1655
422 1991
425 2658
425 2671
425 3444
426 1178
426 1384
426 1568
426 2028
426 2193
426 4370
427 1006
427 2416
427 4514
428 3544
428 4850
429 4094
430 1631
430 1717
431 392
431 2844
431 2961
432 1396
432 2290
433 1567
433 3975
433 4177
433 4851
434 2221
435 1151
435 4656
436 274
436 1806
436 2531
436 2788
437 2694
437 4454
438 770
438 1197
438 1622
438 1781
438 3458
439 750
439 1737
439 3488
439 3910
440 1522
440 3761
441 556
441 1163
441 1290
441 2268
441 4059
442 3178
442 3326
443 50
443 4514
444 330
444 1579
445 81
445 3933
446 870
446 3353
446 4506
447 1534
447 2709
447 4365
448 502
448 1420
448 3677
449 908
449 4458
451 3447
452 217
452 3926
452 4318
452 4840
453 54
453 111
453 1971
453 4315
453 4928
454 1383
454 4352
455 2037
455 2107
456 368
456 1673
456 2022
457 3789
459 1278
459 1370
459 1800
459 3209
459 3755
460 1242
460 1766
461 1781
461 4220
462 4862
463 3463
463 3934
463 4635
464 1190
464 4811
465 493
465 1368
465 3049
465 4080
466 1977
466 3146
468 1180
468 2087
469 4048
470 4853
471 1099
473 3395
474 1167
474 1288
474 4326
475 370
475 1221
475 4233
476 1328
476 1694
476 1719
476 2780
477 325
477 460
477 1902
477 1956
478 1788
478 2364
479 1756
479 4340
480 3022
481 68
481 2811
482 2416
482 3218
483 2739
483 3464
484 573
485 392
485 1300
485 3088
485 3786
485 4630
486 231
486 1301
486 3944
486 4912
488 2040
489 1979
489 2835
490 2356
491 1375
491 4707
492 3057
492 3220
492 4537
493 274
493 3455
493 3587
493 3637
493 4293
494 593
494 868
494 1885
494 3908
495 1050
495 2134
496 482
496 583
496 1100
496 2417
496 3282
497 1842
497 2767
497 3510
497 4473
497 4580
498 256
498 4285
499 637
499 870
499 1174
500 203
500 3470
502 802
502 2134
503 2039
503 3669
504 833
504 4957
505 3388
505 4144
506 3743
507 1487
507 2988
507 4254
508 330
509 2518
509 2755
510 879
510 1393
511 4310
512 1715
512 3267
513 2496
514 2548
515 2140
515 2903
515 3428
516 1316
516 2594
516 3257
516 3436
517 90
517 1179
517 3794
518 1201
518 1966
518 2376
518 3973
518 4580
519 471
520 3117
521 253
521 1492
522 1900
522 4048
522 4455
525 386
526 278
527 1660
528 1489
528 2172
528 4416
529 3621
530 1385
530 3361
530 4673
531 1252
531 2328
531 3096
531 3580
531 3897
532 306
532 2787
532 2903
532 4322
534 4126
534 4975
535 17
535 4941
538 1401
538 3002
538 3892
538 4075
540 1085
540 1291
540 3970
541 1214
542 2263
543 4092
544 3487
544 4392
545 3185
546 513
546 3237
546 3430
546 4152
548 3011
549 295
549 4218
550 1360
550 1567
551 3173
553 2608
553 4004
555 158
555 1031
557 343
557 1209
557 1801
558 1560
558 4541
559 2044
559 3813
559 4780
561 21
561 1824
561 2373
561 2735
562 242
562 867
563 1079
563 1319
563 1578
564 556
564 1349
564 4254
564 4397
565 2588
565 4366
565 4420
566 599
566 2424
568 1866
568 2117
568 2823
568 4941
569 28
569 1238
569 2090
569 2948
569 3996
570 332
570 539
570 862
571 1568
571 1596
572 862
572 4130
572 4908
573 2090
573 2314
574 1399
574 4035
575 563
575 3935
576 257
576 2298
576 3430
577 1304
577 1386
577 4697
577 4698
578 322
578 1297
578 1626
578 4964
579 225
579 4832
580 436
580 2850
581 2786
582 1568
582 2656
584 2215
585 361
585 1727
585 2506
585 4240
586 2428
586 3205
588 398
588 1206
588 1322
589 1584
589 2124
590 1025
590 2392
590 4831
591 2336
591 3588
592 398
592 3896
593 1448
593 3804
593 4814
594 1437
594 3887
595 1012
595 1857
595 3670
596 13
596 772
596 2118
596 3473
597 506
597 953
598 147
598 3509
598 3914
598 4217
599 776
599 2189
599 3357
599 3680
600 18
600 724
600 3075
600 4518
600 4677
602 1235
602 1506
602 1983
602 2494
603 466
603 1722
604 56
604 929
604 1599
604 3984
605 2302
605 4584
605 4831
606 165
606 1786
606 2320
607 1325
607 1394
607 3985
607 4370
608 680
608 1154
608 1269
609 434
609 1044
609 3032
609 3189
609 3982
610 3473
611 2088
611 4612
612 2825
612 3728
613 724
613 2975
614 3935
614 4219
615 3066
615 3934
616 387
616 606
616 2000
617 339
617 522
617 1180
617 1554
618 2087
618 4264
619 1803
619 4895
620 1134
620 4724
620 4885
621 4301
622 3936
623 1576
623 2473
624 65
624 639
624 2489
625 3674
625 4570
626 964
626 2336
626 3142
626 4303
627 1279
628 2158
629 592
630 4765
631 1696
632 854
633 2571
633 3028
634 2791
635 77
636 2627
636 3612
637 168
637 4003
637 4801
638 1336
638 3873
639 176
639 792
639 1547
639 3685
640 557
640 2463
640 4631
641 3714
642 4876
643 2106
643 2886
643 3520
644 216
644 812
644 2945
645 3810
645 4765
645 4892
646 165
646 1081
646 2626
648 1522
649 45
651 335
651 2186
652 3320
653 4604
654 1123
655 444
655 3267
655 4269
659 1882
660 158
661 373
661 1374
662 1558
663 3185
663 3192
664 1657
664 3852
666 181
668 854
668 1560
669 1449
670 2545
670 4983
671 3236
671 3738
671 3865
672 500
673 385
673 2335
673 2680
673 3325
674 761
675 1498
676 710
677 222
677 2259
680 3907
681 850
681 2172
682 1556
682 2282
682 2458
683 1864
684 157
684 865
684 1226
684 1489
684 1607
686 805
686 1358
687 1758
687 4166
688 851
688 939
688 1245
689 641
689 982
689 1134
690 2267
690 4190
692 2790
692 3542
692 4622
693 1916
694 4065
695 4184
695 4565
696 28
696 894
696 3799
696 4106
696 4606
697 917
697 3625
697 4368
698 786
698 3750
698 4612
698 4668
699 4119
700 1437
700 1929
700 3126
701 1142
702 1546
702 1752
702 1817
702 2319
703 3597
703 3826
704 497
704 4768
705 2430
705 4346
706 2790
706 4518
706 4827
707 2116
707 3166
708 364
708 3542
708 3693
709 389
709 895
709 4439
710 2114
710 2453
711 4297
711 4322
711 4421
711 4639
712 76
712 4860
714 2078
714 2183
714 2268
714 2603
714 3513
715 821
715 2630
715 2786
716 1624
716 2315
716 4737
717 368
717 1698
717 2521
718 1041
718 1977
719 1687
719 1943
720 1661
720 2045
720 2714
721 185
721 250
721 1313
721 2318
722 97
724 1127
724 1304
724 1616
724 1975
725 1326
725 2709
725 3306
725 3327
725 3574
726 1235
727 3475
727 3482
727 4124
727 4966
728 2272
728 2317
728 2508
729 1434
729 1516
730 3814
731 3581
732 473
732 1274
732 1374
732 3385
733 737
733 1269
733 3033
734 177
734 711
735 410
735 421
736 130
736 2746
736 4135
737 2885
738 4426
740 897
741 825
741 4784
742 1753
742 2341
744 935
744 3686
744 3743
745 431
745 746
745 4421
746 4409
747 1288
747 2081
747 2227
747 2259
747 2464
748 1606
748 4389
749 696
749 4686
749 4863
752 2176
752 3122
753 1748
753 4419
753 4948
754 675
754 2253
754 4132
755 1029
755 1464
756 7
757 1399
758 3776
759 135
759 838
759 1846
759 2786
760 3063
760 4099
760 4594
761 1627
761 3998
762 1343
763 2551
764 4862
766 294
766 587
766 3150
766 4533
767 2444
768 2743
769 833
769 4529
769 4616
770 2366
770 3459
772 3019
772 4426
773 1621
773 2026
773 3168
774 437
774 817
774 1533
775 2814
775 3657
778 2041
778 2276
778 4033
779 3706
780 2257
780 2711
781 1837
781 2128
781 3412
781 3445
781 3972
781 4077
782 3264
782 4191
783 407
783 1497
784 1726
784 1755
784 2968
786 167
786 1556
786 1990
786 3111
786 4031
786 4925
787 1251
787 2097
787 2994
788 1706
788 1718
788 2604
789 819
789 3859
789 4809
790 618
790 3174
790 4984
791 3486
791 3499
791 4230
792 4575
793 4428
794 666
794 1288
794 1975
794 2306
794 2582
795 1223
795 2129
795 3100
796 2430
796 3395
797 918
797 1645
797 3504
797 4825
798 594
798 2395
798 2788
799 1041
799 1379
799 1596
800 182
801 222
801 2877
801 2969
803 1565
803 2155
803 2612
803 3655
803 4088
804 858
804 1324
806 1576
806 2278
806 2292
806 3667
807 3406
807 4353
808 1065
808 1429
808 4196
808 4409
808 4663
810 224
810 332
810 546
810 837
810 4037
811 1147
811 3209
811 4707
812 964
812 3985
812 4582
812 4941
813 3638
814 670
814 1347
814 2394
814 2991
814 3334
814 3647
815 3836
816 4630
817 810
818 45
818 1835
818 3604
819 686
819 1947
819 4356
819 4476
820 2463
820 3139
821 1953
821 2890
821 4215
821 4883
823 3025
825 166
825 2247
825 2299
825 4125
826 618
826 4675
827 857
827 1319
827 2086
827 2450
827 3149
828 84
828 1323
828 3047
829 2889
830 1374
830 2344
830 2430
831 573
831 1071
831 1598
831 2566
831 3074
831 3139
832 328
832 1370
832 1754
832 2642
832 4183
832 4857
833 13
834 1535
834 3555
834 4888
835 1880
835 2668
838 1286
838 3137
839 2864
840 593
840 1710
840 2224
840 3717
841 2410
842 2645
843 408
843 1071
843 2470
843 3804
844 1730
844 4845
845 979
845 1772
846 70
846 1967
846 4527
847 3001
848 781
848 1118
848 4109
848 4425
849 2399
850 573
850 887
850 3371
851 3963
851 4906
852 1117
852 2403
852 4275
852 4335
854 602
854 892
854 1412
855 586
855 2408
855 4114
856 4269
856 4596
857 2211
858 12
858 65
858 1951
858 4771
858 4809
859 1953
859 3197
860 266
861 48
861 101
861 2687
861 3223
862 1253
862 1480
862 1872
862 2189
862 3894
863 1668
864 3592
864 4071
865 1026
865 4863
866 37
866 394
866 874
866 3900
867 1841
867 2052
867 2848
867 3697
868 3897
869 2330
869 3405
870 1568
870 2737
870 3967
872 1424
872 1537
872 1794
874 939
874 4814
877 522
877 1552
877 1830
879 458
879 960
880 18
880 3422
880 3892
881 4478
881 4689
882 695
882 2458
883 235
883 2720
884 367
885 771
885 2541
885 3707
886 3733
886 4760
887 1131
888 3453
888 4849
889 459
889 1254
889 3830
890 488
892 2133
892 3097
894 769
894 2367
894 2830
894 3057
895 1777
896 2447
896 2999
896 3760
897 1589
898 943
898 1706
900 38
900 235
900 960
901 599
901 2545
901 3690
902 506
902 2025
902 2223
902 4090
902 4422
903 2240
903 2629
903 4220
903 4671
904 697
904 882
906 32
906 677
906 1868
906 4428
907 3106
907 3919
908 2293
909 1864
909 2176
910 2625
911 1337
911 1612
911 2014
911 2124
911 3181
912 103
912 940
912 1809
912 3848
912 4863
913 2268
913 3466
914 207
914 603
914 1068
917 1050
917 2573
918 3387
918 3789
918 3910
918 4546
919 2005
920 1218
920 4332
922 3549
922 3999
923 172
923 920
924 2891
925 2783
926 195
926 1709
926 2293
926 3629
927 1446
927 2215
927 3781
928 1389
928 3255
929 1962
929 4336
929 4799
930 4273
930 4612
931 3441
931 3949
932 3914
932 4725
935 1894
935 4275
937 1192
937 1451
938 3203
938 3321
939 2673
940 236
940 2107
941 2085
941 3354
942 134
942 3473
942 3974
943 3657
943 4905
944 1158
944 2228
945 608
945 1243
946 138
946 696
947 4077
948 411
948 839
948 2452
948 2558
949 686
949 2059
949 2703
950 367
950 667
950 2618
951 936
951 3224
952 695
952 1007
952 4279
953 2189
953 3878
955 2744
956 823
956 3299
957 288
957 2464
957 3796
957 4308
958 59
958 349
958 381
958 4670
959 2210
961 4
961 1582
961 4107
962 269
962 1425
962 1455
962 1493
962 2643
962 4020
963 2792
963 3130
964 216
964 3091
964 3906
965 542
965 3146
966 760
967 1461
967 2475
967 4584
969 1173
969 4525
970 1680
971 1713
971 4125
971 4451
972 1207
972 2349
973 7
973 1259
973 3343
974 2475
974 2616
975 4487
976 348
976 1071
976 1432
976 2376
976 3711
977 764
977 3765
978 3466
979 632
979 3333
980 109
980 2810
981 970
981 3619
981 4215
982 1902
983 4146
983 4766
984 535
984 828
986 212
986 1035
987 1885
987 3117
987 3368
988 4408
989 3805
989 4573
990 396
990 1205
990 4092
991 1643
992 794
992 2280
992 2795
992 4726
993 340
993 980
993 1559
993 1779
995 175
995 1900
996 1377
998 3328
998 4284
999 463
999 956
999 1674
999 4086
1000 1596
1001 1190
1001 2513
1001 2740
1001 3418
1002 447
1002 1108
1002 1797
1002 2633
1003 781
1004 543
1004 4834
1005 2230
1006 1419
1007 662
1007 2497
1007 3497
1007 3835
1007 4078
1008 28
1008 1794
1008 4901
1009 1012
1009 3729
1009 4303
1010 855
1011 1239
1011 3297
1013 189
1013 4612
1013 4774
1013 4972
1014 2632
1014 3162
1014 3958
1015 2939
1015 4385
1016 1407
1016 3334
1016 4992
1017 4
1017 7
1018 1362
1018 3268
1019 26
1019 4352
1020 4232
1020 4749
1021 900
1021 4989
1022 368
1022 2302
1022 3639
1022 4348
1023 1891
1023 3406
1023 4990
1024 1609
1024 4715
1025 1186
1026 33
1028 1461
1028 1857
1028 2049
1028 3259
1028 4781
1030 52
1030 755
1030 2176
1030 3281
1031 16
1031 610
1032 1681
1034 459
1034 1683
1035 547
1035 1021
1035 3121
1036 292
1036 1921
1037 275
1037 3172
1037 4431
1037 4668
1039 2571
1039 2672
1039 3294
1040 17
1040 2197
1040 3190
1041 1817
1041 2195
1041 2495
1041 2658
1041 3431
1042 1156
1043 571
1043 2816
1044 761
1044 2400
1045 1759
1045 4682
1046 725
1046 1493
1046 4864
1047 2259
1047 3917
1047 4014
1047 4480
1047 4966
1049 2164
1049 4627
1049 4797
1050 226
1050 723
1050 1776
1050 2505
1051 4556
1051 4566
1053 685
1053 4279
1056 1580
1056 4930
1058 1702
1058 4333
1058 4964
1059 4707
1060 1187
1060 2621
1061 286
1061 1436
1061 2229
1061 3062
1061 3469
1062 3807
1064 2216
1064 2563
1064 2618
1064 2671
1065 888
1065 2140
1065 4717
1066 2581
1066 3501
1067 794
1067 3723
1067 4511
1068 760
1068 3223
1069 153
1069 756
1069 1135
1070 1420
1070 4155
1071 2893
1072 15
1072 337
1072 3315
1073 166
1074 4192
1076 3008
1077 110
1077 210
1077 1548
1078 3361
1078 4124
1078 4540
1079 1568
1079 2601
1080 19
1080 871
1080 1408
1080 2644
1080 3795
1081 600
1084 1627
1085 1077
1085 2182
1085 4052
1085 4293
1086 892
1086 1993
1087 4554
1088 1190
1088 3025
1088 3888
1089 62
1089 1655
1089 3350
1089 3685
1089 4963
1090 461
1090 3273
1090 3727
1090 4331
1091 3850
1091 4375
1092 2331
1093 242
1093 538
1093 1438
1093 4044
1096 1177
1098 3020
1099 1725
1100 1682
1101 613
1101 3748
1102 2489
1103 539
1104 2692
1104 2698
1105 2047
1105 3424
1105 4016
1106 4591
1107 359
1107 1111
1107 4346
1108 746
1108 3081
1109 193
1109 1416
1109 1747
1110 463
1110 4314
1111 695
1111 3112
1113 2536
1116 1205
1116 1550
1116 3506
1117 1929
1118 1019
1118 3952
1119 2448
1119 4968
1120 1021
1121 1120
1121 2775
1121 2883
1121 3565
1122 2523
1123 4717
1125 4298
1125 4461
1126 2213
1127 1080
1127 4174
1128 943
1128 3075
1128 3326
1130 4670
1131 800
1131 1351
1131 4649
1132 3379
1132 4965
1135 1480
1136 4072
1137 2101
1137 3473
1138 1144
1138 1984
1138 3135
1139 1567
1139 2051
1139 2798
1139 4757
1140 1413
1140 2158
1141 2259
1141 3198
1141 4905
1142 4508
1143 3530
1143 3575
1143 3755
1144 643
1144 3927
1144 4066
1146 723
1146 1472
1146 1620
1146 4970
1147 646
1148 2722
1148 3058
1148 4452
1150 2134
1151 695
1151 904
1151 1556
1151 1990
1152 1266
1152 1537
1153 4485
1153 4904
1154 1780
1155 1065
1155 2312
1156 178
1156 557
1157 1832
1158 1791
1158 2312
1158 4342
1159 1923
1161 145
1162 339
1162 2670
1163 266
1163 380
1163 2369
1163 2459
1163 2868
1164 855
1164 878
1164 2745
1165 107
1165 372
1165 3529
1166 1757
1166 3917
1167 3209
1168 1305
1168 1640
1168 2191
1168 3635
1169 407
1169 722
1169 1977
1169 2613
1169 3938
1170 1200
1170 1515
1170 1967
1170 4580
1171 41
1171 580
1171 2356
1171 4515
1172 1052
1172 3653
1174 4427
1175 273
1176 142
1176 301
1176 779
1176 1400
1176 3509
1177 2039
1177 4424
1179 1998
1182 121
1182 1082
1182 2659
1183 2045
1183 3848
1184 2876
1185 444
1185 3653
1186 1596
1186 4781
1187 4173
1187 4174
1189 4988
1190 548
1190 1776
1190 2632
1191 1833
1192 1683
1194 292
1194 1109
1194 1655
1194 2494
1194 3096
1194 3368
1195 2953
1196 3861
1197 762
1197 1527
1197 3525
1197 4428
1198 507
1199 537
1199 4344
1200 824
1200 1137
1200 3206
1201 668
1202 913
1202 3925
1203 376
1204 3400
1204 4428
1206 2686
1206 3354
1206 3900
1207 2692
1208 2580
1209 35
1209 632
1209 805
1211 456
1213 2945
1213 3967
1213 4696
1214 4713
1215 1597
1216 1325
1216 1423
1216 2117
1216 3713
1217 1969
1218 1231
1218 1501
1218 2044
1218 3992
1219 818
1219 4243
1220 3624
1221 1201
1221 1963
1221 4267
1222 1179
1222 2231
1223 4647
1224 553
1224 1274
1224 2786
1224 3245
1224 3818
1224 4933
1225 78
1225 1167
1225 4372
1226 1651
1226 2559
1226 3965
1228 3522
1229 1466
1229 4092
1229 4711
1230 3834
1231 1391
1232 3439
1233 2608
1235 887
1235 1772
1235 4661
1236 231
1236 2327
1236 3683
1238 3020
1238 3069
1239 661
1239 1013
1240 920
1240 1037
1240 1229
1240 4373
1241 1646
1242 1903
1242 1918
1242 3651
1242 3778
1243 2575
1244 3327
1245 824
1245 1662
1245 1843
1245 2343
1245 2552
1245 2767
1246 2973
1246 4986
1247 1102
1247 1772
1248 1112
1248 2950
1248 4932
1249 698
1250 783
1250 2771
1250 2827
1250 4192
1251 695
1252 2031
1252 3347
1252 4863
1253 2501
1254 291
1255 415
1255 2625
1256 2463
1256 3849
1257 303
1257 3043
1258 3120
1259 1329
1259 2869
1259 3680
1260 4764
1261 1678
1261 1749
1261 2527
1262 1518
1262 3547
1262 4932
1263 921
1263 1101
1263 2525
1266 912
1266 3010
1266 3646
1266 3705
1267 73
1267 3951
1268 278
1268 2334
1268 3184
1268 3837
1269 640
1270 273
1270 2858
1270 3093
1271 2280
1271 2358
1271 3132
1271 3475
1273 16
1274 1613
1274 2316
1275 1329
1275 2119
1275 4406
1276 319
1276 606
1276 4137
1277 2164
1277 4173
1277 4428
1278 183
1278 4140
1278 4241
1279 107
1279 513
1279 663
1279 1091
1279 2810
1279 3461
1280 361
1280 4117
1282 1347
1282 1382
1282 2082
1283 2345
1283 2365
1284 106
1284 1172
1284 1539
1284 4205
1284 4724
1284 4789
1285 1857
1285 4412
1286 2946
1289 1503
1289 4931
1290 1643
1291 756
1291 1872
1291 1962
1294 56
1294 2323
1294 4782
1295 3666
1296 1447
1296 1614
1296 4569
1297 1225
1297 3672
1298 3283
1299 2403
1299 4663
1300 1077
1300 4293
1300 4406
1301 868
1301 4578
1302 3666
1302 4593
1303 893
1304 1679
1304 3564
1305 379
1305 835
1305 2831
1305 3296
1305 3813
1305 4223
1306 743
1306 1959
1307 598
1308 2189
1309 836
1309 2195
1310 216
1312 2545
1313 2608
1313 2875
1314 3837
1315 2666
1315 4288
1316 427
1317 411
1318 1571
1318 2435
1318 2578
1318 3989
1319 1511
1319 2165
1319 2241
1319 2867
1319 3082
1320 722
1320 1211
1320 2747
1320 2833
1321 1391
1322 2539
1323 4590
1324 1071
1324 1606
1324 4591
1324 4705
1326 1244
1326 1478
1326 2298
1326 4280
1327 734
1327 1668
1328 4802
1329 545
1329 2223
1330 1820
1330 2283
1330 3857
1330 4303
1331 1656
1331 3650
1331 3708
1332 2528
1333 3282
1334 3671
1334 4788
1335 1848
1335 2048
1335 4540
1336 227
1336 342
1336 619
1339 2064
1339 2623
1340 469
1340 1371
1340 3156
1341 2470
1341 4616
1342 115
1342 2693
1342 4146
1343 1473
1343 1622
1343 1943
1343 4146
1344 1858
1345 1528
1346 1580
1347 283
1347 670
1348 511
1348 4286
1349 1020
1350 192
1350 1397
1350 3027
1351 486
1351 804
1351 2118
1351 4011
1352 621
1352 4076
1353 2594
1354 626
1354 897
1354 3609
1354 4619
1355 3252
1356 2378
1356 4558
1356 4859
1357 1500
1358 1747
1359 4499
1360 3564
1362 1467
1363 775
1363 1451
1363 2174
1363 2996
1363 3675
1364 1203
1364 1797
1364 1929
1365 1497
1365 3092
1366 111
1366 828
1366 836
1366 2039
1366 2201
1366 2590
1366 4352
1367 3379
1367 4658
1368 485
1369 2541
1369 2786
1369 3514
1369 4162
1370 309
1370 4485
1372 1830
1372 4954
1373 2183
1373 2379
1373 2991
1374 135
1375 1491
1375 4308
1376 1065
1376 3199
1377 383
1377 4950
1378 1629
1378 2599
1380 681
1380 1026
1380 1947
1380 3597
1382 1091
1382 1202
1382 2351
1382 2474
1382 2698
1383 3714
1384 503
1384 760
1384 3276
1385 871
1385 1389
1385 3080
1387 967
1387 2016
1387 3976
1389 2456
1389 4765
1390 824
1390 1184
1390 4420
1391 2244
1391 4737
1392 676
1392 1674
1393 2414
1393 3148
1394 2477
1394 4007
1395 518
1395 4963
1396 558
1398 1870
1398 1890
1398 2052
1398 3084
1399 3067
1399 3896
1399 4963
1401 3320
1402 198
1402 642
1402 1274
1402 1523
1402 4435
1403 1466
1403 2907
1403 4031
1404 2250
1404 4772
1406 564
1408 115
1408 1139
1408 1386
1408 2464
1408 3947
1408 4453
1409 179
1409 4684
1410 3954
1410 4530
1411 154
1411 3228
1411 4652
1412 81
1412 3369
1414 768
1414 2533
1415 702
1415 3182
1416 1201
1416 2742
1417 29
1417 1587
1417 4416
1418 83
1418 3494
1419 235
1419 3150
1419 3227
1419 3876
1420 1684
1420 2158
1421 3724
1421 4515
1422 435
1422 859
1422 1229
1422 3535
1424 1644
1424 2327
1424 3715
1424 4990
1427 2563
1427 3794
1428 1851
1428 2003
1429 3681
1430 878
1431 1009
1431 1096
1432 3364
1432 4605
1432 4990
1433 255
1433 2682
1433 4710
1435 3321
1436 624
1436 3812
1437 1065
1437 1429
1437 4130
1437 4388
1438 1486
1438 2174
1439 564
1439 2980
1440 2842
1440 3733
1441 362
1441 2586
1441 3566
1442 4239
1444 1078
1445 11
1445 700
1445 1016
1446 1268
1447 1316
1447 4047
1449 1211
1449 4945
1450 1252
1451 427
1452 14
1452 712
1452 1400
1452 3690
1453 3582
1454 288
1454 1430
1454 3748
1457 566
1457 1135
1458 1620
1459 736
1459 1772
1459 4901
1460 256
1460 1441
1460 2240
1461 238
1461 4081
1461 4474
1463 1915
1463 2257
1464 698
1464 3929
1466 104
1466 2598
1467 1189
1467 1772
1468 94
1468 1250
1468 3182
1468 3864
1469 95
1469 2533
1470 1456
1470 3962
1471 1439
1471 2819
1471 3552
1472 1803
1472 2176
1472 2782
1472 3234
1472 4184
1473 4105
1474 2930
1475 882
1475 2630
1476 4060
1477 795
1477 987
1477 3597
1478 142
1478 2292
1478 2374
1478 2941
1479 1467
1480 2865
1481 88
1482 963
1482 971
1482 3195
1483 118
1485 134
1486 3002
1486 4480
1487 746
1487 1753
1487 3452
1487 3563
1488 955
1488 1212
1488 1435
1488 3174
1489 1506
1489 1940
1489 3855
1489 4225
1489 4366
1490 3614
1490 4044
1491 1034
1491 2291
1492 1014
1492 2288
1493 734
1493 1308
1493 2610
1494 3723
1495 781
1497 2077
1498 65
1499 6
1499 771
1499 1149
1499 1588
1499 4870
1500 2644
1501 3923
1502 1476
1502 1648
1502 3802
1503 2237
1504 833
1504 3580
1504 4534
1505 1765
1505 2332
1506 1847
1506 4363
1507 1081
1508 1135
1508 2278
1510 1860
1511 1138
1511 1177
1512 744
1512 1148
1512 2850
1512 4126
1513 3879
1514 3450
1514 4056
1515 1921
1515 3085
1516 2009
1516 2721
1516 2864
1516 2966
1516 3484
1517 479
1517 3688
1518 147
1518 302
1518 2819
1519 1941
1519 4254
1519 4275
1519 4639
1520 1012
1520 1195
1520 4584
1521 3532
1522 47
1522 1284
1523 662
1523 1570
1523 4149
1524 1702
1524 3571
1525 2129
1525 3153
1525 3626
1526 1149
1527 727
1527 890
1527 3516
1528 910
1528 2702
1528 4006
1528 4654
1529 779
1530 2058
1530 2302
1530 4219
1531 3522
1531 4127
1531 4640
1532 1623
1532 2852
1532 4052
1533 2308
1535 1522
1535 4629
1536 1932
1536 4480
1537 271
1537 2778
1537 3752
1538 594
1538 2473
1538 3065
1539 815
1539 1618
1539 1914
1539 4924
1540 1900
1540 3024
1540 4296
1540 4435
1541 136
1541 146
1541 715
1544 29
1545 4
1546 1470
1546 3928
1546 4412
1547 3140
1547 3442
1547 4901
1548 223
1548 1279
1548 1487
1549 1271
1549 2821
1551 2652
1552 990
1552 1995
1552 2647
1553 581
1553 803
1553 825
1555 3946
1556 166
1556 2091
1556 3269
1557 1776
1557 3171
1557 4279
1558 1652
1558 1807
1558 4737
1558 4767
1558 4843
1559 243
1559 4663
1562 366
1562 899
1563 1313
1563 4043
1564 2219
1564 2707
1565 379
1565 396
1565 2505
1567 143
1567 2361
1567 2909
1567 3278
1567 3503
1568 2363
1569 116
1570 732
1570 830
1570 4360
1570 4739
1571 836
1571 2216
1572 3262
1572 3842
1573 3463
1573 3844
1574 1992
1574 2842
1574 3463
1575 4270
1575 4592
1576 712
1576 1813
1576 2869
1577 920
1577 1482
1577 1819
1577 2173
1577 2612
1577 2786
1578 3051
1578 3661
1580 136
1580 826
1580 1501
1580 2994
1580 4120
1580 4141
1581 212
1581 1161
1581 1594
1581 3209
1581 4533
1581 4900
1583 645
1583 1297
1583 1916
1584 237
1584 456
1584 3090
1584 3871
1585 2801
1585 2837
1585 4354
1586 762
1586 1783
1586 2099
1586 4622
1587 134
1587 3191
1587 4045
1587 4912
1588 2486
1589 1041
1590 56
1590 3384
1591 3160
1591 4238
1592 4611
1593 996
1593 3459
1594 1688
1594 1781
1594 3325
1594 4105
1595 2824
1596 3714
1597 2839
1598 602
1599 4887
1600 2006
1600 2475
1602 183
1602 693
1605 1624
1605 1699
1605 4435
1606 357
1606 3021
1606 3052
1606 3933
1607 1666
1608 116
1608 1290
1608 1658
1609 2242
1609 2301
1609 3408
1610 2303
1611 1467
1612 512
1612 4786
1613 1092
1613 2721
1615 1034
1615 3723
1616 1101
1617 1110
1619 3195
1620 715
1620 3302
1621 1376
1621 2339
1621 4090
1622 530
1622 671
1622 3325
1623 56
1623 86
1623 546
1623 1743
1623 4138
1624 1691
1624 3721
1625 2305
1627 1817
1627 2263
1627 4381
1628 1886
1629 469
1629 1523
1630 298
1630 441
1631 782
1631 1143
1631 1754
1633 3032
1634 1625
1635 1348
1635 3386
1636 40
1636 4247
1637 995
1639 345
1639 892
1639 1504
1639 2770
1640 23
1641 993
1641 2977
1642 2068
1643 1471
1643 1759
1644 4024
1644 4523
1645 145
1645 1968
1645 2408
1645 4021
1646 2259
1647 2018
1648 1427
1648 1443
1648 3344
1648 3857
1648 4553
1649 3256
1650 121
1650 4007
1651 941
1651 1951
1651 4283
1652 1255
1653 40
1653 4576
1654 2749
1656 2905
1656 3654
1657 708
1657 1197
1657 2040
1657 2574
1657 3228
1658 2701
1658 4224
1659 1009
1659 4067
1660 61
1660 4028
1661 37
1661 2066
1661 4353
1664 147
1664 161
1664 3305
1665 1141
1665 2748
1665 4194
1666 807
1666 1948
1666 2064
1667 148
1667 2023
1667 2949
1667 4540
1668 1855
1668 2551
1669 3235
1671 599
1671 2535
1672 1826
1674 4320
1675 2018
1675 3766
1676 61
1676 180
1676 1874
1677 87
1677 3094
1677 4884
1678 1680
1680 128
1680 1305
1680 3986
1682 1870
1682 3895
1683 547
1683 855
1683 2414
1683 2525
1683 2815
1683 3366
1684 1199
1684 4457
1685 220
1685 430
1685 1969
1685 3236
1686 2113
1686 2426
1686 3690
1687 701
1688 360
1688 2206
1689 770
1689 996
1691 393
1691 741
1692 1917
1692 2869
1693 3718
1694 15
1694 234
1694 1969
1694 4493
1695 4247
1695 4318
1696 942
1696 1704
1697 1953
1697 2647
1699 548
1699 1926
1699 2625
1700 691
1700 4475
1701 319
1701 2661
1701 4513
1701 4677
1702 4167
1704 1390
1704 2470
1704 2797
1704 3739
1704 4525
1704 4813
1705 767
1705 4686
1706 4641
1707 1290
1707 4278
1710 4537
1711 2477
1712 1198
1712 1972
1712 2605
1713 915
1715 51
1715 2727
1715 3267
1715 3611
1715 4240
1715 4371
1716 252
1716 1638
1716 4300
1717 1388
1717 2245
1717 4026
1717 4800
1718 2358
1718 4002
1718 4441
1719 258
1719 788
1719 4434
1720 308
1720 2052
1720 2122
1721 3763
1722 1787
1722 3630
1723 4997
1724 1169
1724 2849
1724 3579
1724 4440
1726 48
1726 94
1726 848
1727 1653
1727 2749
1727 4230
1727 4640
1728 148
1728 2790
1729 153
1729 240
1729 1054
1729 4722
1730 2255
1730 4200
1731 1836
1731 2858
1731 3912
1732 966
1732 4003
1732 4371
1733 1268
1733 1305
1734 487
1734 2614
1735 4525
1735 4934
1736 3817
1738 1520
1738 4412
1738 4924
1740 1148
1740 1347
1740 3690
1741 1214
1741 1962
1741 2709
1741 2960
1742 4777
1743 1155
1744 1779
1744 3037
1744 4568
1745 1704
1745 4260
1746 937
1746 4689
1746 4823
1747 33
1747 656
1747 1154
1748 2774
1748 3412
1748 3719
1748 4781
1749 1001
1749 3311
1750 742
1750 3030
1751 1682
1752 477
1753 2440
1753 3384
1753 3741
1754 1363
1754 3320
1754 4386
1754 4513
1755 73
1755 2967
1755 3036
1756 293
1756 1063
1756 1794
1756 2330
1756 4910
1757 1444
1757 4779
1758 311
1759 91
1760 1595
1761 920
1761 2042
1761 2092
1761 4417
1762 649
1762 3158
1762 3370
1763 680
1763 1395
1763 1865
1763 2502
1763 4838
1764 1325
1765 2987
1765 3358
1766 718
1766 3095
1766 4736
1767 1427
1767 3226
1767 4351
1768 1693
1768 4739
1769 1138
1769 1513
1769 4338
1769 4522
1770 145
1770 4428
1770 4441
1771 4083
1772 99
1772 295
1772 567
1772 3817
1773 2742
1776 163
1776 1713
1776 2276
1777 399
1779 599
1779 4008
1779 4749
1780 4974
1781 1581
1781 1909
1781 4158
1781 4372
1782 2965
1783 1454
1783 1500
1783 2428
1783 3187
1784 1452
1784 2852
1786 360
1787 1427
1787 2018
1787 2300
1787 3486
1788 3024
1788 4141
1789 2032
1790 68
1790 2045
1791 763
1791 4562
1792 2732
1793 1578
1793 3842
1794 2804
1795 2524
1796 2765
1796 4051
1798 160
1798 1945
1798 2259
1798 2303
1799 846
1799 1756
1799 2354
1799 3368
1799 3448
1799 4601
1800 443
1800 3516
1800 4602
1801 631
1801 3191
1801 4463
1802 4545
1802 4761
1804 474
1804 4317
1804 4783
1805 1378
1805 4392
1807 2505
1807 3260
1808 1404
1810 974
1810 4117
1811 3960
1811 4121
1812 633
1812 1381
1812 4817
1813 1519
1813 1904
1813 2692
1814 2242
1815 4742
1816 782
1816 2710
1816 2766
1816 4951
1817 454
1817 1394
1817 4053
1818 2193
1818 4172
1818 4588
1819 3110
1819 3750
1821 747
1821 937
1821 3567
1821 4691
1822 2065
1822 3801
1822 4988
1823 59
1823 2505
1826 1951
1826 3337
1826 3369
1827 3292
1827 3583
1828 1714
1828 3248
1828 3398
1830 167
1830 1526
1831 1987
1832 1950
1832 3520
1833 4391
1836 902
1837 2094
1838 1592
1838 2176
1839 2829
1839 3761
1841 3073
1842 2575
1842 2984
1842 3897
1843 209
1843 241
1843 629
1843 3406
1844 3289
1844 4827
1845 863
1845 1813
1845 1874
1847 3944
1848 2
1848 1586
1848 2095
1850 1229
1850 1492
1850 2275
1850 2619
1850 3245
1851 649
1851 3505
1851 3662
1851 4161
1852 615
1852 3619
1853 103
1853 178
1854 1020
1854 2268
1855 816
1855 1590
1855 4214
1856 981
1856 3356
1857 702
1857 2656
1857 4687
1857 4695
1858 4176
1858 4334
1858 4441
1859 546
1859 594
1859 1347
1859 1559
1861 184
1861 411
1861 435
1861 1346
1861 2491
1862 4559
1863 1360
1863 4309
1865 179
1865 3105
1866 2827
1867 1210
1867 1951
1867 3907
1869 753
1869 3882
1870 960
1870 4674
1871 2610
1871 4979
1872 2111
1872 3428
1873 380
1873 2533
1873 4041
1874 95
1874 1176
1874 2148
1874 3577
1875 209
1875 805
1875 1399
1875 2677
1876 2668
1877 1279
1877 1414
1877 3301
1877 4896
1878 2267
1878 4267
1879 848
1879 3714
1880 995
1881 3614
1882 3651
1882 3857
1884 2947
1884 4812
1885 1967
1885 4005
1886 2080
1886 3936
1887 2363
1887 3444
1887 4865
1888 242
1888 1006
1888 1719
1889 2354
1889 4267
1890 550
1890 1047
1890 4044
1891 690
1891 4912
1892 297
1894 991
1894 1198
1894 2474
1894 3647
1895 1884
1895 2314
1896 4219
1897 410
1897 1424
1897 2100
1897 3337
1898 480
1898 789
1899 1090
1899 3841
1901 426
1901 4200
1902 1653
1902 3053
1904 905
1904 991
1904 2982
1904 3645
1905 318
1905 2059
1905 2898
1905 3589
1905 4647
1908 572
1908 2326
1908 2379
1908 3546
1909 4602
1910 2020
1911 722
1911 1449
1911 3651
1913 36
1914 3692
1915 2308
1915 4759
1916 2164
1916 2246
1917 541
1917 4952
1918 2319
1919 1233
1919 1883
1919 2220
1919 3535
1920 983
1920 1361
1920 1603
1920 2689
1921 1281
1921 1560
1921 1967
1921 2900
1923 1678
1924 388
1924 1304
1924 2362
1924 4958
1925 3090
1926 128
1926 4294
1927 3947
1928 1893
1928 2584
1928 2999
1929 2138
1930 79
1931 264
1931 1506
1931 1649
1931 3071
1931 3105
1932 1751
1932 3518
1933 3929
1934 1833
1935 3329
1936 1235
1936 1976
1936 4239
1937 1030
1938 48
1938 836
1938 2678
1938 2737
1939 755
1940 850
1940 1183
1940 2205
1941 989
1941 2323
1942 254
1942 281
1942 779
1942 4454
1945 1100
1945 1899
1945 2520
1946 3260
1946 4078
1946 4201
1947 1380
1947 2478
1948 295
1948 569
1948 1772
1948 4089
1949 2905
1949 4003
1949 4940
1950 3972
1951 2343
1952 2266
1952 2288
1952 2337
1952 2841
1952 3754
1953 970
1953 1652
1953 2443
1953 3066
1953 3309
1955 2070
1955 4190
1956 47
1956 4361
1958 162
1958 627
1958 2822
1959 1275
1959 3389
1959 3686
1960 474
1960 1631
1961 1871
1961 4658
1962 4932
1963 567
1963 2345
1963 3350
1963 4250
1963 4529
1964 2258
1964 3113
1964 3240
1965 285
1965 1779
1965 2025
1966 2037
1966 3426
1966 3843
1966 3904
1967 64
1967 3618
1968 2576
1969 387
1969 2003
1969 2904
1969 4185
1970 3424
1970 3916
1971 1280
1971 1793
1971 3462
1973 1359
1973 1416
1973 2217
1974 2
1975 3566
1976 1736
1976 2806
1978 2019
1978 2574
1979 245
1979 443
1979 1078
1979 3084
1979 3571
1980 1962
1980 2838
1981 9
1981 4887
1983 2837
1983 4768
1984 1673
1984 3692
1984 3701
1984 4948
1985 899
1985 1308
1985 2162
1986 1443
1986 4277
1986 4995
1987 2207
1987 3734
1989 2169
1989 4575
1989 4813
1990 2879
1990 3432
1990 4929
1991 2765
1991 3715
1991 4813
1992 835
1992 2783
1992 4431
1993 408
1993 4529
1994 3161
1995 278
1995 1565
1995 3269
1996 3107
1997 39
1997 1839
1997 3809
1998 1095
1998 1138
1998 4710
1999 1437
1999 1608
1999 2353
1999 4810
2000 2417
2000 3283
2001 2774
2001 4793
2002 1726
2002 2262
2002 3397
2003 1688
2004 1944
2005 2240
2005 4707
2006 2427
2007 261
2007 3218
2007 3282
2008 1658
2008 1740
2008 1872
2008 2743
2009 1151
2009 1637
2010 315
2010 679
2011 3074
2011 3510
2011 4267
2012 1531
2012 1825
2013 133
2013 1834
2014 1019
2015 4741
2016 950
2016 3838
2016 4381
2018 2187
2018 3053
2018 4666
2019 288
2019 957
2019 1840
2019 3961
2020 1157
2020 2363
2020 2384
2020 3600
2023 1979
2024 2407
2025 1163
2025 4178
2026 43
2027 2611
2027 2787
2027 3732
2027 3984
2028 3373
2029 4635
2030 408
2030 1598
2030 1632
2030 3021
2030 3368
2031 450
2031 822
2031 4456
2032 2789
2032 2977
2032 3342
2034 60
2034 561
2034 977
2034 1773
2034 1794
2036 1807
2036 3540
2037 2813
2037 3399
2037 4030
2038 928
2038 3148
2038 3691
2039 2967
2039 3056
2039 3471
2040 2493
2041 676
2041 3889
2042 1440
2042 2943
2042 4907
2043 510
2043 1701
2044 304
2044 435
2044 2851
2044 3733
2044 4704
2045 182
2045 4350
2046 1714
2047 318
2047 1996
2047 4523
2048 1841
2048 2416
2049 4488
2049 4787
2050 376
2050 2611
2051 2550
2051 4136
2052 3689
2053 3231
2053 4911
2054 2530
2056 1717
2056 2291
2056 3596
2057 23
2057 1314
2057 1990
2057 2907
2057 4672
2058 1787
2058 4563
2059 138
2059 4501
2060 1894
2061 4618
2062 1381
2062 1697
2062 2109
2062 2508
2063 3946
2065 735
2066 4301
2067 2192
2067 2683
2068 430
2069 632
2070 2254
2070 2797
2070 4637
2071 197
2071 967
2071 3836
2072 3067
2073 1415
2073 1998
2074 1432
2074 2103
2074 4607
2075 260
2075 577
2075 1167
2075 2809
2075 3170
2076 1988
2076 2399
2076 4103
2076 4423
2078 228
2078 263
2078 4849
2079 3136
2079 4756
2080 1107
2080 1913
2080 2281
2081 1754
2081 2798
2082 4058
2082 4262
2083 2403
2083 4151
2084 822
2084 2011
2085 504
2085 769
2085 840
2085 2324
2085 3965
2086 1319
2086 1461
2086 2392
2086 2516
2088 1482
2089 3974
2090 1780
2090 2882
2090 3033
2090 4416
2091 511
2091 1620
2091 3156
2091 3222
2091 3665
2092 2337
2093 18
2093 1453
2093 2993
2094 1195
2095 1614
2096 917
2096 1070
2096 1458
2096 2285
2096 3197
2096 3463
2097 2571
2098 2056
2099 1167
2099 2095
2099 2582
2100 2714
2100 2885
2101 497
2101 1351
2101 2047
2102 2610
2102 4552
2104 409
2104 514
2104 1161
2106 73
2106 914
2107 311
2107 1098
2107 2777
2107 4649
2108 568
2108 1793
2108 3809
2108 4324
2108 4378
2109 4056
2111 576
2111 1347
2111 3703
2112 1757
2112 2306
2112 4792
2113 1196
2113 2214
2114 1313
2114 2344
2114 2864
2115 515
2115 3736
2115 4272
2116 807
2117 3032
2117 3821
2118 864
2118 1826
2119 92
2119 765
2119 991
2119 2869
2119 3291
2120 982
2120 1185
2120 3216
2120 4003
2121 1391
2122 4136
2122 4222
2123 316
2123 1124
2124 4425
2124 4624
2125 485
2125 1871
2125 3295
2126 1238
2126 2686
2126 2813
2127 860
2127 901
2127 2785
2127 2899
2127 3114
2129 2396
2129 2470
2129 2767
2129 3069
2129 3510
2129 4684
2130 1303
2130 1440
2131 3662
2131 3789
2132 448
2133 557
2133 2059
2133 2690
2133 3817
2133 3933
2133 4753
2134 36
2135 4364
2135 4774
2136 1208
2136 1791
2136 3552
2137 98
2137 413
2137 516
2137 649
2137 4433
2138 3279
2138 4152
2138 4178
2138 4947
2139 1669
2139 2998
2139 4292
2139 4516
2140 3819
2141 707
2141 3275
2142 316
2142 511
2142 4954
2143 777
2143 1603
2143 2164
2143 2512
2144 1094
2144 1510
2144 1695
2145 2149
2145 2189
2145 2988
2145 4806
2146 575
2146 3778
2146 4479
2146 4582
2147 1495
2148 1132
2148 4682
2149 552
2149 980
2149 2294
2149 2732
2149 4422
2150 2452
2151 806
2151 2418
2152 1732
2152 2521
2153 971
2153 4461
2154 3541
2154 3801
2156 915
2156 1788
2156 3162
2156 4907
2157 982
2157 2568
2157 4655
2158 1552
2158 3418
2158 3891
2158 4096
2159 1385
2159 2410
2160 3715
2160 4990
2161 518
2162 1503
2163 1645
2163 3362
2164 1586
2164 3664
2165 626
2166 555
2166 738
2166 1273
2166 3948
2166 4605
2166 4649
2167 764
2167 2676
2167 3052
2168 1364
2168 2102
2171 1525
2171 1632
2171 3345
2172 290
2172 3933
2173 381
2173 1516
2173 4843
2175 54
2175 2016
2176 320
2176 3883
2177 3771
2177 4553
2178 594
2178 1671
2178 2496
2178 3081
2178 4749
2180 946
2180 2964
2182 1248
2182 2388
2182 3572
2182 4617
2183 273
2183 3860
2184 389
2185 4044
2186 50
2186 1005
2186 1974
2186 4095
2188 984
2188 1186
2188 3252
2191 2740
2191 3028
2191 4548
2192 622
2192 2017
2193 1157
2193 1634
2194 1047
2194 1821
2194 3427
2195 827
2195 1387
2195 4077
2196 424
2196 1239
2196 3309
2196 3625
2196 4635
2196 4907
2197 1546
2197 1732
2197 4447
2198 241
2198 3541
2199 848
2200 4193
2201 1280
2201 2503
2201 2636
2201 3730
2201 4067
2201 4522
2201 4888
2202 1315
2202 4001
2202 4196
2203 39
2203 2018
2203 3298
2204 358
2204 2118
2204 4359
2205 221
2205 2444
2205 4356
2205 4661
2206 645
2206 1943
2206 2362
2206 2586
2206 2877
2206 2880
2206 4905
2207 1179
2207 1366
2207 1675
2207 3381
2207 4593
2208 769
2209 1201
2210 1330
2210 1752
2211 3678
2211 4064
2213 425
2213 3219
2213 3478
2213 3609
2213 4940
2214 1287
2214 4490
2215 4391
2216 255
2216 626
2216 3149
2216 3880
2216 4179
2217 684
2218 262
2218 1065
2218 3183
2218 4658
2219 2110
2219 3042
2221 2028
2221 4581
2222 2448
2222 4315
2223 1455
2223 2785
2223 2878
2224 1747
2224 4150
2224 4239
2224 4366
2225 471
2225 969
2225 3592
2227 2410
2227 2766
2227 3136
2228 169
2228 2610
2228 3144
2229 333
2229 737
2229 1024
2230 1161
2230 1597
2230 2456
2230 2809
2231 456
2231 1882
2231 3708
2232 1384
2233 1395
2233 2690
2233 2697
2233 4389
2234 938
2234 1550
2235 2214
2235 2633
2235 4214
2235 4490
2235 4658
2235 4665
2236 1018
2236 1380
2236 2229
2236 3622
2237 1045
2238 2636
2239 1568
2239 1766
2239 3433
2240 2520
2241 312
2242 2750
2242 3083
2242 4608
2243 449
2244 146
2244 4902
2246 489
2246 671
2246 1389
2247 755
2247 802
2248 2049
2248 2203
2248 2392
2248 2451
2249 1258
2249 3025
2250 1134
2250 3615
2251 436
2251 1132
2251 2459
2251 3265
2251 3272
2252 656
2252 4119
2253 2386
2254 4812
2255 3053
2255 3702
2255 3847
2256 3171
2257 43
2257 273
2257 2854
2257 4082
2258 770
2258 4602
2259 881
2259 903
2259 1737
2259 2512
2259 4144
2260 337
2260 693
2260 1316
2260 1702
2260 2137
2260 3503
2261 2270
2262 3259
2262 4576
2263 614
2263 1531
2263 2484
2263 4873
2264 66
2264 1966
2265 464
2265 835
2265 1190
2265 1674
2265 2668
2265 4547
2266 1229
2266 2192
2267 295
2267 1517
2267 3220
2268 24
2268 2758
2268 2961
2269 3448
2269 4283
2270 254
2270 3617
2271 433
2271 900
2271 4757
2272 1919
2272 3733
2272 3929
2273 1359
2273 1479
2274 431
2274 4552
2275 114
2275 825
2275 2994
2275 4396
2276 339
2276 483
2276 4332
2277 661
2277 3120
2278 935
2278 4193
2279 246
2279 1133
2279 3041
2280 3697
2282 2042
2282 2843
2282 4997
2283 3331
2284 775
2284 2993
2285 1919
2285 2705
2286 1648
2286 2187
2288 1229
2288 4704
2289 860
2290 2396
2290 2772
2290 3022
2291 1265
2291 1916
2291 2544
2291 3658
2291 4317
2291 4731
2292 4878
2293 2141
2293 3138
2294 2182
2295 619
2295 741
2295 1029
2295 4429
2296 4231
2298 1091
2298 3307
2299 1605
2299 1838
2300 1612
2301 157
2301 804
2302 2506
2302 3784
2304 563
2305 2590
2306 1451
2306 2883
2307 3775
2307 4406
2308 2785
2309 4248
2310 1852
2310 4027
2310 4775
2311 2848
2311 4134
2312 490
2312 3037
2313 676
2313 896
2313 1565
2313 2807
2313 4669
2314 1515
2314 4103
2314 4354
2315 1268
2315 2256
2315 3649
2315 4100
2316 1092
2316 1111
2316 1274
2316 4079
2318 1303
2319 503
2319 2833
2319 3857
2321 741
2321 1274
2321 2062
2321 3120
2321 4332
2322 4075
2322 4512
2323 1327
2323 3493
2324 858
2324 2243
2325 201
2325 695
2325 971
2325 1227
2325 3317
2326 2840
2327 3451
2329 4147
2330 287
2330 1008
2330 3580
2331 3131
2332 2651
2333 1095
2333 3063
2333 4554
2333 4593
2333 4699
2334 1830
2334 3883
2334 4429
2336 120
2336 1502
2336 2197
2337 1635
2337 2526
2337 3308
2337 4327
2337 4997
2338 4164
2339 2899
2339 3058
2339 3304
2340 4971
2341 1163
2341 2752
2341 4642
2342 2241
2343 1847
2343 4166
2344 1566
2344 1886
2345 554
2345 1247
2345 1269
2346 2343
2347 1910
2347 3005
2347 4721
2348 501
2348 2718
2349 1421
2349 3249
2349 4278
2350 177
2350 2844
2350 3332
2350 4471
2350 4630
2351 4000
2352 3537
2352 4232
2353 1114
2353 1364
2353 2650
2353 3026
2353 3679
2354 639
2354 696
2354 1173
2354 3068
2354 3626
2354 4681
2355 395
2355 544
2355 622
2355 650
2356 155
2356 4336
2356 4747
2357 2994
2358 364
2358 1975
2358 2291
2358 3959
2358 4657
2359 2452
2359 2591
2359 3750
2360 2352
2360 4487
2361 401
2362 616
2362 818
2362 1441
2362 4569
2362 4866
2363 591
2363 2506
2363 2618
2363 2816
2363 3857
2364 4564
2365 1380
2365 3177
2365 3699
2365 4841
2366 1781
2366 4331
2366 4744
2366 4792
2367 1160
2367 3765
2368 1926
2368 4094
2369 2339
2369 2341
2370 2257
2370 3850
2370 3909
2370 4015
2372 61
2373 940
2373 2813
2374 203
2374 743
2374 1692
2374 3034
2375 840
2376 1256
2377 766
2377 889
2377 2815
2378 2131
2378 2227
2378 3787
2379 7
2380 1619
2380 4377
2382 1996
2382 3239
2382 3948
2382 4812
2383 619
2383 778
2383 1482
2384 54
2384 2564
2384 3734
2384 4378
2385 2887
2387 3052
2387 3528
2387 4255
2388 545
2388 3736
2388 4867
2389 1409
2389 2252
2389 3232
2389 3551
2389 4912
2390 1073
2390 2088
2390 2517
2391 112
2392 1530
2392 2682
2393 618
2393 1629
2393 2096
2393 2543
2394 4
2394 110
2394 403
2394 431
2394 1849
2394 2482
2394 4142
2395 4971
2396 3275
2397 713
2397 1764
2398 211
2398 465
2398 534
2398 1545
2399 193
2399 3376
2400 4553
2401 499
2401 2211
2401 4064
2401 4450
2401 4517
2402 2092
2403 41
2403 2372
2404 132
2404 3078
2405 1593
2405 2550
2405 3000
2405 4129
2406 1394
2407 1668
2407 1849
2407 2433
2407 2950
2407 3706
2408 2206
2408 2421
2408 3061
2408 3633
2409 1684
2410 693
2410 3605
2410 4136
2412 3712
2412 4254
2413 3209
2414 879
2414 4634
2415 3905
2416 4462
2417 115
2418 155
2418 1253
2418 1972
2418 1985
2418 3631
2419 669
2419 1997
2419 4118
2421 191
2421 895
2421 1078
2421 2056
2422 2276
2422 2439
2422 4613
2423 826
2424 513
2424 991
2424 2127
2424 2151
2424 2989
2425 1054
2425 1813
2425 4388
2426 1849
2426 3647
2427 1837
2428 841
2428 3421
2429 1357
2429 2595
2429 2642
2430 691
2430 1982
2431 1016
2431 3237
2431 3912
2432 2771
2432 3353
2433 4080
2433 4917
2434 450
2434 2813
2434 3351
2434 3933
2435 911
2435 1778
2435 3449
2435 4497
2436 1864
2436 2299
2437 1903
2437 2124
2437 2250
2438 3520
2439 1053
2439 1691
2439 3006
2440 665
2440 2515
2440 4009
2441 279
2441 3768
2441 4211
2442 953
2442 1874
2442 3537
2443 3156
2444 421
2444 479
2444 820
2444 1448
2445 4306
2447 698
2447 1541
2448 4064
2450 1818
2450 2618
2450 3521
2450 4013
2451 73
2451 4967
2452 2390
2453 2334
2453 4323
2454 580
2454 2515
2455 1622
2455 4550
2455 4622
2456 337
2456 1428
2457 370
2457 1390
2457 2314
2457 4011
2457 4157
2458 2215
2459 3037
2461 161
2461 3984
2461 4759
2461 4815
2462 3672
2463 684
2463 2765
2464 1728
2465 1445
2465 2261
2466 2576
2466 2652
2466 2959
2466 3458
2466 4597
2467 391
2467 1228
2467 1918
2468 4474
2469 1657
2470 1008
2470 2663
2472 1073
2472 4903
2473 944
2473 1789
2473 2183
2473 3668
2473 3950
2473 4291
2474 907
2474 2531
2474 3767
2475 73
2475 3182
2476 4231
2476 4979
2477 3331
2478 4957
2479 1114
2479 2119
2479 4000
2480 819
2480 2389
2480 3808
2481 789
2481 1324
2482 1457
2482 4983
2483 642
2483 4455
2484 75
2484 2614
2484 3266
2485 105
2486 1913
2486 4907
2487 2806
2488 2154
2488 2375
2488 3333
2490 3467
2491 3125
2493 369
2493 673
2493 706
2493 1447
2493 4677
2495 2509
2496 3040
2496 4810
2497 825
2497 3321
2498 543
2498 1833
2498 2683
2498 4182
2499 839
2499 2739
2500 2040
2500 2139
2500 3742
2501 3106
2501 3679
2501 3736
2501 4375
2501 4897
2502 1206
2502 4304
2502 4901
2503 523
2504 4548
2505 2573
2505 4459
2505 4572
2506 947
2506 1511
2506 1636
2506 4068
2506 4115
2507 1790
2507 2801
2507 3345
2507 3908
2508 1107
2508 1345
2508 4279
2509 4427
2510 3013
2511 2828
2511 3403
2511 3756
2511 4531
2512 3505
2512 4265
2512 4964
2514 101
2514 2239
2515 3574
2515 3698
2515 3861
2515 3877
2516 3223
2517 653
2518 428
2519 117
2519 1251
2519 2879
2519 4543
2521 1476
2521 1647
2521 3331
2521 3620
2522 1153
2522 4859
2523 3658
2524 292
2524 1194
2524 2063
2525 1718
2525 1834
2525 4648
2526 638
2526 2930
2527 2380
2527 2612
2528 4440
2529 297
2529 1968
2529 4688
2530 542
2530 791
2530 3293
2532 3132
2532 3583
2533 3527
2533 4916
2534 373
2534 751
2534 1149
2535 301
2535 1480
2535 2653
2535 4355
2536 1787
2537 4020
2538 980
2538 1538
2539 4402
2540 114
2540 678
2540 920
2541 1317
2541 3311
2542 2123
2542 4636
2543 1146
2543 1605
2543 4996
2544 234
2544 988
2544 1021
2544 2998
2545 223
2545 980
2545 4503
2546 651
2547 130
2547 475
2547 707
2547 2965
2547 4560
2548 2122
2550 150
2550 3228
2550 3507
2550 4783
2551 2008
2551 2228
2552 295
2552 1071
2552 3057
2553 2156
2554 1617
2554 2096
2554 4611
2555 278
2555 1116
2555 2943
2555 4603
2557 1171
2557 3367
2557 3420
2557 4552
2558 4737
2559 1611
2560 2427
2560 4920
2561 1022
2561 2446
2561 4098
2562 1430
2562 4828
2563 3598
2564 1354
2564 3196
2564 3838
2564 3976
2565 350
2565 2323
2565 2922
2565 3049
2565 3706
2565 4720
2566 2345
2566 3589
2567 1221
2567 3932
2567 4304
2568 571
2568 1064
2568 3095
2568 3862
2569 1072
2569 2366
2569 4674
2571 1617
2571 2142
2571 4883
2572 1231
2573 1039
2573 4589
2573 4984
2574 2104
2574 4114
2575 290
2575 1745
2575 2781
2575 3022
2576 2629
2576 3947
2577 1499
2578 2560
2579 440
2579 1659
2580 4329
2581 1808
2581 1997
2581 3757
2582 1035
2582 1127
2584 1076
2585 2167
2585 2811
2587 1679
2587 2745
2587 3400
2587 4770
2588 21
2589 4996
2590 2197
2591 771
2591 3992
2592 297
2592 1739
2592 2469
2592 3940
2592 4502
2593 2576
2593 2713
2593 2995
2595 133
2595 4524
2596 767
2596 3656
2597 1918
2597 4032
2599 2612
2600 791
2601 4115
2602 4142
2603 83
2603 863
2603 1478
2604 516
2604 1072
2604 2594
2605 2545
2605 2992
2606 1077
2607 3613
2607 4145
2607 4325
2608 1699
2609 94
2609 1302
2610 1668
2610 3065
2610 4388
2610 4406
2611 3465
2614 1612
2614 2077
2614 3590
2614 3972
2615 4311
2617 648
2617 1404
2618 1095
2618 1228
2618 2448
2618 3313
2619 166
2619 1227
2620 810
2620 863
2621 1101
2621 2185
2621 3566
2622 3480
2623 471
2623 1763
2623 2770
2625 625
2625 4004
2626 355
2626 1777
2626 2642
2626 3482
2626 4857
2627 85
2629 388
2629 2975
2629 3697
2630 786
2630 802
2631 700
2631 2274
2631 2802
2632 1723
2632 2123
2632 2383
2633 1784
2633 4001
2634 1309
2634 3155
2634 3310
2635 390
2636 1481
2637 4344
2638 1935
2638 2152
2639 571
2639 2018
2639 2108
2640 1147
2640 2174
2640 2194
2641 3746
2642 2246
2642 3458
2642 4556
2643 1163
2644 328
2644 1353
2644 1430
2644 1840
2644 3132
2644 3447
2645 2736
2646 328
2646 996
2646 1090
2646 3429
2646 4825
2647 838
2647 1205
2647 4201
2647 4435
2648 214
2648 4327
2650 3532
2651 135
2651 2091
2652 606
2653 1712
2654 611
2654 1577
2654 2404
2654 3248
2656 1468
2656 1901
2656 4065
2656 4424
2656 4655
2657 1540
2658 456
2659 1394
2659 4948
2660 858
2660 4263
2662 1192
2662 2040
2662 3425
2663 2685
2663 3242
2664 134
2664 2204
2664 3753
2665 801
2665 1398
2665 3361
2665 3507
2665 4136
2666 1469
2666 2978
2667 1832
2667 2923
2667 4873
2667 4923
2668 2443
2669 1300
2669 2289
2670 189
2670 1199
2670 2215
2671 310
2671 947
2671 2195
2671 4118
2671 4488
2671 4855
2674 3039
2674 3331
2675 329
2675 2631
2676 528
2676 1655
2676 3042
2677 2948
2677 3456
2677 4476
2678 1866
2679 2329
2679 2830
2679 3285
2679 4468
2680 1567
2680 1804
2680 2185
2680 2462
2680 2861
2680 3250
2681 1721
2681 2392
2681 2656
2682 713
2682 1903
2682 3982
2683 2508
2683 3636
2684 2572
2685 4448
2686 3256
2686 4049
2686 4267
2687 247
2687 2094
2688 177
2688 1308
2688 1457
2688 4122
2689 878
2689 4706
2690 13
2690 315
2690 2217
2691 3347
2692 223
2692 1382
2692 1534
2692 2763
2693 2284
2693 4638
2693 4758
2694 663
2694 1855
2694 2308
2695 264
2695 1555
2695 3042
2696 382
2696 3020
2696 4523
2697 866
2697 1703
2697 2552
2697 4637
2698 806
2698 1741
2698 4504
2699 150
2699 1288
2699 3633
2700 2734
2701 1176
2701 4798
2702 1205
2702 2571
2702 4006
2702 4549
2703 2090
2703 4416
2704 3542
2704 4128
2706 966
2706 2749
2706 3267
2706 3501
2707 1448
2707 3083
2707 4250
2708 2177
2708 3340
2709 354
2709 780
2709 3720
2710 1909
2712 71
2712 235
2712 1581
2712 4372
2712 4550
2713 98
2714 942
2714 3268
2715 1498
2715 3510
2716 620
2716 1584
2717 305
2717 3311
2718 142
2719 427
2719 2809
2719 4879
2720 4265
2721 885
2721 981
2721 2630
2721 4125
2722 4778
2723 3828
2723 4039
2724 3704
2725 1571
2726 2318
2726 2879
2726 4842
2726 4925
2727 2238
2727 4594
2728 2103
2729 1015
2729 1558
2729 4561
2730 1679
2731 1738
2731 3615
2732 2961
2733 412
2733 3916
2734 822
2734 872
2734 1878
2734 4527
2735 1273
2736 801
2736 1821
2736 4075
2737 2927
2737 4053
2738 1487
2738 4998
2740 4654
2740 4774
2741 1644
2741 1710
2741 2882
2741 3419
2741 3843
2742 757
2742 4169
2742 4328
2743 306
2744 584
2744 1255
2744 3290
2745 208
2745 489
2745 1500
2746 4229
2748 160
2748 2048
2749 3013
2749 3053
2750 749
2751 2200
2751 2858
2751 3342
2751 3914
2752 2412
2752 3741
2752 3758
2752 3909
2753 752
2753 1224
2753 1274
2753 2096
2754 1228
2754 4829
2755 1808
2756 1715
2756 3486
2758 61
2758 944
2758 1676
2758 2027
2758 3016
2758 3886
2759 1210
2759 4458
2760 547
2760 957
2761 900
2762 2615
2762 3327
2763 2545
2764 527
2764 2551
2765 1362
2765 2072
2765 4147
2765 4701
2766 2520
2766 2665
2766 4550
2767 632
2768 3149
2769 199
2769 3346
2769 4175
2770 3033
2770 4912
2771 1648
2771 1653
2771 4981
2772 202
2772 1226
2772 1681
2772 2676
2772 4263
2773 2789
2774 40
2774 2510
2775 1746
2775 3810
2775 3947
2776 4763
2777 276
2778 688
2778 1063
2778 1498
2778 4649
2779 704
2779 831
2779 1814
2779 2065
2779 2772
2779 4601
2782 342
2783 1426
2783 4564
2785 465
2785 4471
2786 705
2786 1541
2787 340
2787 540
2787 2183
2787 4122
2787 4397
2788 169
2788 1407
2789 742
2789 1299
2789 2492
2789 4983
2790 1602
2790 4191
2791 1058
2791 2405
2791 3607
2792 920
2792 971
2792 1313
2792 2132
2793 1639
2793 3369
2793 3855
2794 1468
2794 1902
2795 1968
2796 1586
2796 3565
2798 1610
2798 4146
2799 1415
2799 1690
2799 2613
2800 3329
2801 1339
2801 2181
2801 3173
2803 2189
2803 2531
2804 99
2805 2640
2805 3795
2805 4951
2806 2460
2806 3194
2806 4715
2809 1968
2810 1469
2812 1265
2812 1276
2812 2361
2812 3228
2812 4206
2813 3843
2814 3080
2814 4939
2815 1060
2816 1511
2816 1764
2816 4053
2816 4624
2816 4695
2817 1608
2818 3715
2819 1017
2819 1103
2820 1516
2820 2966
2820 3296
2820 3395
2820 3768
2822 91
2822 1338
2822 2395
2822 4288
2822 4329
2822 4976
2823 1829
2824 724
2824 1943
2826 2197
2826 2755
2826 3039
2826 4378
2827 523
2828 1262
2828 1929
2828 1959
2828 2899
2829 884
2829 2401
2829 4981
2830 2224
2830 2696
2831 140
2831 278
2833 563
2833 2682
2834 797
2834 3277
2834 3742
2834 3769
2835 985
2835 4177
2835 4718
2837 639
2837 1898
2837 2399
2838 281
2838 2323
2838 4952
2839 1217
2839 2655
2839 4633
2840 437
2840 3295
2840 3547
2840 4236
2841 314
2841 2906
2842 1474
2842 2080
2842 3474
2843 96
2844 3549
2846 2358
2847 153
2847 3428
2848 1804
2849 1041
2849 3340
2849 3935
2850 3494
2850 4867
2851 3707
2852 1112
2853 245
2853 288
2853 1072
2853 1333
2854 1364
2854 2822
2854 2960
2854 4059
2855 1303
2856 3400
2856 4516
2856 4641
2857 850
2857 4171
2858 1368
2858 2433
2858 4113
2858 4291
2859 792
2859 2623
2859 3406
2860 1825
2860 4593
2861 983
2861 2835
2862 2550
2863 733
2863 942
2863 1396
2863 1773
2864 825
2864 1466
2864 2471
2865 1148
2865 1664
2865 4196
2867 1319
2867 2022
2868 2261
2868 2803
2869 672
2869 3560
2870 2229
2870 4038
2873 2111
2873 2537
2873 3574
2875 715
2875 2287
2875 4519
2877 2003
2878 1906
2880 3124
2880 3895
2880 4176
2881 521
2881 1573
2881 2962
2883 1192
2883 1344
2883 1393
2883 2163
2883 2258
2883 3523
2884 920
2884 4570
2885 2110
2887 2551
2889 284
2889 3170
2890 163
2890 226
2892 634
2892 1447
2893 3801
2895 3330
2896 3088
2896 4329
2897 1145
2897 4037
2898 1102
2899 1576
2899 4931
2901 3459
2901 4514
2901 4697
2902 1095
2902 3393
2902 4888
2903 2398
2904 50
2904 1128
2905 1028
2906 4784
2907 1528
2909 747
2909 3902
2910 2907
2910 3492
2911 227
2911 2792
2912 2079
2912 2549
2912 2587
2913 150
2913 1694
2913 2512
2914 1325
2914 2061
2914 4645
2916 4633
2916 4880
2918 527
2919 222
2919 459
2920 2509
2920 2560
2921 126
2921 2255
2921 2450
2921 4594
2923 1213
2923 3274
2923 3360
2923 4121
2924 176
2925 1494
2926 1737
2926 2949
2928 1901
2929 1479
2929 3995
2930 1133
2930 2265
2930 4672
2933 3030
2934 462
2934 1301
2934 1758
2934 4363
2935 3500
2935 3560
2935 4059
2935 4749
2936 1351
2936 4415
2936 4473
2937 3558
2938 550
2938 2381
2938 4292
2939 705
2939 2940
2940 163
2940 377
2940 876
2940 1392
2940 2029
2941 1327
2941 1671
2941 2752
2942 168
2943 1990
2944 798
2944 1155
2944 1457
2944 2743
2944 3613
2945 4945
2947 3739
2948 1824
2948 3417
2948 4667
2949 371
2949 3094
2949 4698
2950 997
2950 1176
2950 4217
2951 1628
2952 3422
2952 3689
2953 542
2953 1732
2953 2614
2953 2678
2953 3501
2953 4805
2954 2373
2955 440
2955 503
2955 1064
2955 3155
2956 1330
2957 1497
2958 213
2958 388
2958 1821
2958 2095
2959 701
2959 1960
2960 4406
2960 4894
2961 3861
2962 1420
2962 2295
2962 3749
2963 149
2963 1476
2963 4398
2964 3031
2965 680
2965 4985
2966 721
2966 956
2966 1464
2967 3906
2967 4115
2968 1727
2968 2371
2969 439
2969 649
2969 1192
2969 2048
2969 2642
2969 3526
2970 2702
2972 2875
2972 3464
2973 1231
2973 2729
2974 705
2974 3837
2974 4417
2975 4922
2977 273
2978 1915
2978 1959
2979 689
2980 978
2980 1287
2980 4471
2981 497
2983 4357
2983 4988
2984 593
2984 1181
2985 3135
2986 597
2987 185
2987 1212
2987 1260
2987 3464
2988 95
2988 1376
2989 2501
2991 2353
2992 1202
2993 1271
2994 1321
2994 3844
2995 1677
2996 399
2996 1288
2997 62
2997 703
2997 1448
2998 385
2998 727
2998 2652
2999 1552
2999 2109
2999 3540
2999 3923
3001 14
3001 922
3003 2609
3004 2597
3004 2613
3004 3190
3005 391
3005 1771
3005 2128
3005 2216
3005 3609
3006 524
3006 1637
3006 3665
3007 883
3007 988
3007 1737
3007 1858
3007 3824
3011 3853
3012 60
3012 1842
3012 2575
3013 3650
3014 3052
3015 1380
3015 1632
3015 2539
3016 2603
3017 73
3017 974
3018 802
3018 2879
3019 2481
3019 3424
3021 4235
3021 4541
3022 804
3022 1223
3023 669
3025 1482
3025 1923
3025 4872
3026 281
3027 1494
3027 2246
3027 3362
3028 316
3028 3980
3028 4817
3028 4943
3029 4047
3030 380
3030 1529
3030 1668
3030 2538
3031 81
3032 1755
3032 4269
3033 2179
3034 4531
3035 707
3037 922
3037 1198
3037 3304
3038 929
3038 3782
3039 4567
3040 2817
3041 4438
3042 690
3042 3699
3042 4305
3043 1736
3043 2047
3043 4250
3045 1699
3045 4538
3046 2332
3048 2184
3048 4707
3049 351
3050 2627
3051 1711
3051 1722
3052 1515
3052 2685
3053 1778
3054 102
3057 4499
3058 3724
3059 4024
3060 2022
3060 2157
3060 3051
3061 719
3061 829
3061 2628
3062 29
3062 2100
3062 3175
3064 3577
3065 2379
3065 3265
3065 3756
3066 1188
3066 1803
3066 3792
3067 976
3067 1780
3067 3820
3067 4321
3069 1417
3069 3622
3070 9
3070 376
3070 2565
3071 1089
3071 3814
3072 113
3072 1563
3073 842
3073 4944
3074 1756
3074 1905
3074 3977
3076 1101
3076 4446
3076 4944
3077 4745
3080 1815
3080 2549
3082 966
3082 1820
3082 2232
3083 1042
3083 3817
3084 2259
3084 4408
3085 2253
3086 1614
3086 2013
3087 504
3087 3022
3087 3033
3087 3626
3088 852
3088 3144
3090 2190
3090 2771
3090 4424
3092 512
3092 2681
3093 436
3093 2027
3095 1698
3095 3701
3096 3629
3097 2343
3098 2907
3099 1798
3100 3153
3100 4609
3101 798
3102 1845
3102 3759
3102 4587
3103 1517
3103 3138
3104 423
3105 3285
3105 4541
3106 1046
3106 1750
3106 2424
3107 1867
3107 2224
3107 3956
3107 4024
3108 3423
3109 1101
3109 2846
3109 3961
3110 2192
3110 3375
3112 1057
3114 541
3114 3642
3115 2219
3115 2480
3115 3676
3116 1187
3116 3542
3116 3947
3117 4042
3118 4018
3118 4594
3120 1392
3120 2972
3120 3619
3120 4006
3122 1303
3122 3492
3122 3624
3122 3968
3123 800
3123 1709
3123 2354
3123 4961
3124 4803
3125 2726
3128 3332
3128 3587
3129 1577
3130 1124
3130 3515
3130 4704
3131 4635
3132 1187
3134 1658
3135 799
3135 1052
3136 2949
3136 3227
3136 4638
3137 331
3137 1558
3138 1644
3138 2547
3140 60
3140 4328
3142 1509
3142 1727
3142 4447
3142 4981
3143 2494
3144 922
3146 1771
3147 1765
3147 2275
3147 2404
3148 3917
3149 2518
3149 2634
3149 4465
3150 4783
3151 2339
3153 792
3154 3902
3155 1310
3155 3360
3156 2344
3158 3796
3160 404
3160 862
3161 1015
3161 4561
3162 6
3162 1628
3162 3464
3163 349
3163 683
3163 1475
3164 339
3164 1321
3164 2702
3164 4926
3165 797
3165 2892
3165 3027
3165 4136
3166 1063
3166 3524
3169 330
3169 689
3169 1755
3169 3005
3169 3501
3170 1687
3170 2306
3171 1249
3171 3835
3171 4414
3171 4669
3172 104
3172 1864
3172 2234
3173 1024
3173 3974
3175 519
3175 621
3175 2129
3177 264
3179 74
3179 1015
3179 4496
3180 2383
3181 1811
3181 4571
3182 4629
3183 2356
3184 1076
3185 4422
3186 2873
3186 3587
3188 2319
3188 2706
3189 1935
3189 3053
3191 1412
3191 2566
3191 3589
3191 4974
3192 11
3192 913
3192 1439
3195 2155
3195 2491
3195 3164
3196 2927
3197 253
3197 927
3197 1150
3197 1733
3198 2990
3198 3502
3198 4513
3200 2597
3200 3821
3202 2724
3203 4729
3204 2241
3207 4997
3208 1720
3208 4731
3209 1746
3209 2544
3210 1120
3210 2576
3211 2039
3212 256
3212 433
3213 1918
3214 1715
3215 1062
3215 1436
3215 1547
3217 2713
3220 176
3220 450
3220 1696
3220 3012
3221 1231
3221 3398
3222 728
3222 2973
3223 89
3223 3836
3223 4068
3224 45
3224 1204
3224 1551
3224 1757
3224 1798
3224 3388
3224 3427
3224 4173
3225 984
3225 4721
3225 4909
3226 4909
3228 1363
3228 1484
3228 2445
3228 3865
3229 2763
3229 2788
3230 907
3231 4111
3231 4457
3232 2660
3233 681
3233 1506
3233 4016
3233 4910
3234 74
3234 729
3235 1969
3235 3124
3236 2520
3236 2642
3236 2760
3236 3961
3237 654
3237 2465
3238 1966
3238 2100
3239 621
3239 1780
3239 2100
3239 2167
3239 4097
3241 64
3241 202
3241 1606
3242 1236
3243 1243
3244 480
3245 2409
3245 2994
3246 1103
3247 287
3247 3726
3248 1788
3248 2017
3248 4223
3249 2395
3249 3909
3250 3599
3251 409
3251 510
3251 1595
3252 1379
3252 4488
3252 4855
3253 1013
3253 2088
3253 3358
3254 4277
3255 322
3256 4623
3257 2410
3258 4544
3259 563
3259 4789
3260 1776
3261 898
3261 3825
3261 4222
3262 535
3263 2003
3263 3531
3264 3488
3265 334
3265 852
3265 2340
3266 1561
3267 39
3267 188
3267 614
3268 492
3268 874
3269 198
3269 1699
3270 569
3270 1154
3270 4463
3271 90
3271 1930
3273 1890
3275 2570
3275 2900
3276 1325
3276 2193
3276 3145
3277 313
3277 2587
3278 4520
3279 731
3279 2411
3279 4490
3281 1833
3281 2158
3283 727
3283 4408
3283 4638
3285 3392
3285 4233
3285 4289
3286 693
3286 766
3286 983
3286 1296
3286 2005
3286 2194
3286 2861
3286 3283
3288 3297
3288 4242
3289 960
3289 1010
3290 1240
3290 2318
3290 2383
3290 2910
3292 291
3292 2186
3293 1095
3293 2002
3293 2255
3294 3818
3295 913
3295 3782
3297 1403
3297 1934
3297 3595
3298 90
3298 4117
3299 1413
3299 3179
3299 4752
3300 237
3300 2397
3301 2944
3302 1191
3302 2875
3303 835
3303 1050
3303 1678
3303 3514
3303 4211
3305 1112
3307 654
3308 3297
3308 3655
3309 963
3309 2831
3309 4496
3310 954
3310 2086
3310 2681
3310 3267
3310 4040
3311 3041
3311 4029
3312 2346
3313 643
3313 1625
3313 1935
3313 3032
3313 3380
3314 1889
3314 2811
3314 3233
3315 2720
3315 2880
3316 649
3316 770
3317 1466
3318 1591
3319 1885
3319 2126
3319 2882
3320 770
3320 811
3320 2358
3321 715
3321 778
3321 1990
3321 2153
3322 234
3322 530
3322 1034
3323 2699
3324 464
3324 904
3324 1188
3324 2176
3324 3302
3325 69
3325 1049
3325 4825
3326 152
3326 1006
3326 1033
3327 298
3327 4894
3328 576
3329 2579
3330 3552
3330 4325
3331 1879
3331 4772
3332 14
3332 3330
3332 3494
3333 194
3333 640
3333 4863
3334 1016
3335 1732
3335 1887
3335 2755
3335 4489
3336 123
3336 2512
3337 4977
3338 1689
3338 2736
3339 795
3340 3127
3340 4367
3342 1439
3343 186
3343 2138
3344 4156
3345 2161
3345 4071
3346 1020
3346 3327
3346 3563
3347 3981
3347 4607
3348 1509
3348 4489
3349 2178
3349 4436
3349 4665
3349 4713
3350 3068
3351 4353
3351 4601
3352 1093
3354 195
3354 471
3354 1940
3354 4157
3355 883
3355 2493
3355 3673
3356 1220
3356 4535
3357 1085
3357 2603
3357 4108
3360 503
3360 2776
3360 3555
3361 443
3361 1581
3361 1737
3362 3338
3362 4478
3363 4478
3364 2936
3366 383
3366 2925
3367 2622
3367 4082
3369 4071
3371 1281
3372 1539
3373 2516
3373 3092
3373 4450
3374 3824
3375 1168
3375 1557
3375 2402
3375 4417
3377 746
3377 2694
3377 3452
3378 2398
3378 3287
3379 1214
3379 3690
3379 3870
3380 215
3380 1546
3380 3252
3381 4968
3383 1175
3383 1972
3383 3772
3383 4864
3385 705
3385 1303
3386 2390
3386 4836
3387 3027
3388 4462
3389 579
3389 3472
3390 2847
3391 305
3392 3601
3394 2105
3395 1013
3395 4405
3395 4986
3396 3874
3396 4954
3397 812
3397 1724
3397 1730
3397 4664
3399 480
3401 2296
3401 3102
3401 4483
3402 1288
3402 1397
3403 962
3403 1894
3403 2411
3403 3613
3403 4278
3403 4587
3404 521
3405 3392
3405 3812
3406 35
3406 2116
3406 4283
3407 1518
3407 4748
3408 2888
3408 3347
3408 3629
3409 159
3409 1330
3409 4083
3410 3931
3410 4452
3411 935
3412 1174
3412 2510
3414 3146
3414 4013
3415 2973
3415 4391
3416 93
3416 1657
3416 2099
3416 2949
3416 2952
3416 3697
3416 4372
3417 2254
3417 2386
3417 4541
3418 2906
3418 2970
3419 129
3419 1412
3420 350
3420 4275
3421 4176
3422 3362
3424 1089
3425 809
3425 1851
3425 3338
3425 4937
3426 2660
3426 2997
3426 4089
3427 3700
3428 199
3429 1500
3429 2812
3430 1312
3430 2992
3430 4464
3431 3588
3432 970
3432 2123
3432 3311
3434 1255
3434 2721
3434 3722
3435 1517
3435 2733
3435 3059
3436 2246
3436 2361
3437 360
3438 1763
3439 1348
3439 2390
3440 1224
3440 2266
3440 3434
3444 2001
3444 3533
3445 119
3446 4538
3447 191
3447 1297
3447 4183
3448 2696
3448 3399
3449 4073
3450 4752
3451 1341
3451 1931
3453 2459
3453 3192
3453 3546
3453 4824
3453 4917
3454 1050
3455 2024
3455 2182
3456 2034
3456 2267
3456 3945
3457 158
3457 1324
3457 2596
3457 3791
3458 45
3460 1712
3460 2692
3461 746
3461 3772
3462 1280
3462 2627
3463 226
3463 4821
3464 55
3464 2109
3464 4954
3466 3786
3467 1227
3468 1633
3468 2560
3469 3933
3470 599
3472 414
3472 1457
3472 1487
3472 1779
3473 3238
3474 146
3474 1258
3474 4911
3475 284
3475 383
3475 1419
3475 3519
3477 3485
3477 4642
3478 1040
3479 2832
3481 2450
3482 3400
3482 3990
3482 4136
3483 1072
3485 254
3485 1262
3485 4971
3486 3348
3486 4053
3487 2009
3487 2513
3487 3463
3487 3957
3489 622
3489 896
3489 1990
3489 3992
3489 4457
3490 2056
3491 1299
3492 990
3492 3677
3493 3455
3494 4662
3495 932
3495 3931
3495 4639
3496 847
3496 2838
3496 3470
3497 787
3497 2556
3498 997
3498 1789
3498 1980
3498 3805
3499 2468
3500 4515
3501 1675
3501 4590
3502 3400
3503 4265
3504 3124
3505 3892
3507 2593
3507 3993
3507 4174
3507 4227
3508 1194
3508 1515
3508 2376
3508 3820
3509 1259
3509 2025
3510 3085
3510 3087
3513 436
3513 1791
3513 2769
3514 1249
3516 4550
3517 148
3517 578
3517 2320
3517 2361
3518 983
3519 841
3519 4418
3520 1394
3521 3225
3522 1903
3523 1385
3524 348
3524 484
3525 2075
3525 2469
3525 3210
3526 1081
3526 3336
3527 2738
3527 3058
3527 4074
3530 895
3530 4730
3531 3502
3531 3693
3532 3513
3534 3979
3534 4392
3534 4585
3535 999
3535 1340
3537 2339
3538 2154
3538 4350
3539 430
3539 1677
3539 2835
3540 2344
3540 3025
3540 3321
3540 4296
3541 1878
3541 1889
3541 2386
3541 4305
3542 2523
3543 3159
3544 641
3545 472
3545 4245
3546 1854
3546 3306
3546 4175
3547 2865
3548 607
3548 722
3550 4067
3551 1245
3551 2396
3552 3637
3553 3684
3554 2375
3555 330
3556 2222
3556 2953
3557 906
3557 1804
3557 2848
3557 3416
3558 196
3558 3534
3559 210
3559 1077
3559 3407
3560 2289
3560 4983
3561 1906
3561 3690
3562 2263
3563 500
3563 2602
3563 4713
3564 3975
3564 4673
3568 754
3568 2030
3568 3601
3568 4199
3569 99
3569 3629
3570 1029
3571 649
3571 1567
3571 2587
3571 3885
3573 4663
3575 1357
3575 3993
3576 2086
3576 3005
3576 3639
3577 2323
3578 784
3579 356
3579 2406
3579 3471
3579 4924
3580 1071
3580 3337
3582 93
3582 3000
3584 70
3585 88
3585 4576
3586 1550
3586 1640
3587 273
3587 2149
3587 3465
3588 2400
3589 4606
3590 1579
3590 1698
3590 2955
3590 4121
3590 4143
3592 2700
3592 4423
3593 3750
3593 4197
3593 4461
3594 1031
3595 3207
3595 4876
3595 4921
3596 1702
3596 3002
3596 3133
3596 4158
3596 4955
3597 2481
3598 836
3598 2222
3598 3414
3598 3609
3599 3664
3599 4514
3600 3381
3601 3012
3602 303
3602 3392
3603 1498
3603 3848
3605 2493
3605 3076
3607 550
3607 1888
3607 3150
3607 4206
3608 2919
3608 4641
3609 247
3610 1314
3610 4010
3610 4784
3611 1837
3611 2905
3612 781
3612 994
3613 2398
3613 2917
3614 2775
3616 1347
3616 3101
3616 3128
3616 3759
3616 4587
3617 2433
3618 1409
3618 2327
3618 4347
3619 2972
3621 1307
3621 1961
3621 4406
3621 4422
3623 2294
3624 1553
3624 4899
3625 934
3626 1099
3626 2233
3626 4701
3627 2910
3628 731
3628 2850
3629 824
3629 1544
3629 4011
3630 2618
3631 4422
3632 1183
3632 2399
3632 3244
3632 4456
3632 4605
3633 4203
3634 1094
3634 2419
3635 1838
3635 4330
3638 1647
3638 2920
3639 3201
3639 3348
3639 3982
3640 420
3640 2355
3640 2486
3641 2651
3642 336
3643 956
3643 2744
3644 188
3644 3372
3644 4013
3646 4791
3648 3221
3648 3888
3648 4466
3649 2046
3650 1040
3651 911
3651 2105
3652 790
3652 2220
3653 2152
3653 4419
3654 1456
3654 2616
3654 2671
3654 3201
3654 4735
3655 1714
3655 2447
3656 561
3656 1598
3657 71
3657 1490
3658 4742
3659 1977
3660 1282
3661 310
3661 2564
3661 3771
3661 3864
3662 2000
3662 4486
3663 3580
3663 4667
3664 562
3664 1689
3664 1737
3664 2795
3664 3080
3664 3361
3664 4823
3664 4904
3666 106
3666 434
3666 1738
3666 1879
3666 4495
3667 2653
3668 4952
3669 1903
3670 67
3670 2932
3671 2188
3671 2794
3672 2856
3673 87
3673 1100
3673 2104
3673 2629
3674 1684
3674 4332
3675 1120
3676 3103
3676 4521
3678 954
3678 2108
3679 1291
3679 1806
3679 1859
3680 274
3680 403
3681 2980
3682 4087
3685 102
3685 602
3686 2431
3688 949
3688 1936
3688 4157
3689 1665
3690 975
3690 2008
3690 4278
3691 1375
3691 2766
3691 4716
3692 2658
3692 4982
3693 1100
3693 1353
3693 1888
3694 640
3694 735
3694 2273
3694 2677
3694 3015
3694 3900
3694 4942
3695 3634
3695 3653
3696 2937
3697 154
3697 3320
3698 27
3698 1418
3698 2694
3698 2917
3698 3465
3698 4090
3699 1061
3699 3753
3699 4356
3700 1241
3700 2925
3701 4425
3702 2033
3702 3499
3703 712
3703 814
3703 2050
3703 3909
3703 4860
3704 107
3704 4908
3706 1425
3706 1941
3706 3186
3707 1883
3708 947
3708 2616
3708 3276
3710 1992
3712 1287
3712 2722
3713 589
3714 1456
3714 3053
3714 3258
3715 2871
3716 1504
3716 3594
3716 4345
3717 60
3717 739
3717 1412
3718 4604
3719 2956
3720 1582
3720 1779
3720 2844
3720 3357
3721 1776
3724 2988
3724 3081
3725 1665
3726 557
3726 726
3726 2703
3726 4119
3727 98
3727 496
3728 3803
3729 1659
3729 2117
3729 4277
3729 4581
3730 1320
3730 1715
3732 993
3733 59
3733 885
3733 1992
3734 3188
3734 3988
3736 1347
3737 1571
3737 3611
3738 693
3738 3852
3739 4042
3739 4705
3740 2585
3740 3715
3740 3779
3740 3826
3741 3905
3744 974
3744 2128
3744 4361
3745 3067
3746 1857
3746 2438
3747 1412
3749 930
3749 3171
3749 4004
3750 1251
3750 4149
3750 4883
3751 505
3751 4444
3752 2225
3752 3646
3753 785
3753 3848
3754 2786
3755 258
3755 809
3755 2814
3755 3658
3756 2235
3756 2557
3756 4300
3757 1318
3757 2579
3757 4003
3757 4805
3759 336
3760 200
3760 4264
3761 1387
3761 1625
3762 1338
3762 1545
3762 3782
3762 4467
3762 4867
3763 3213
3764 747
3764 1881
3765 3510
3766 3023
3767 164
3767 1253
3767 1591
3767 1599
3768 917
3769 2291
3769 3687
3770 2479
3770 3485
3771 836
3771 3562
3772 1406
3772 3038
3772 3563
3773 768
3773 2692
3773 2933
3774 1527
3774 3748
3775 2606
3775 3430
3776 3420
3777 2442
3777 4257
3778 848
3778 2347
3778 3443
3779 574
3779 1236
3780 2823
3780 3009
3780 3962
3781 1190
3781 4902
3782 3561
3783 830
3783 4943
3784 1811
3784 2241
3785 4205
3786 899
3787 213
3787 3755
3789 399
3789 1093
3789 1192
3789 2320
3789 2413
3789 3459
3790 929
3790 2459
3791 492
3791 1170
3792 2497
3792 3018
3794 159
3795 2544
3796 2912
3796 4802
3797 660
3798 994
3798 2255
3798 4517
3798 4831
3799 736
3799 2677
3800 277
3801 4267
3802 3462
3802 3576
3802 4960
3804 629
3804 2664
3804 3285
3805 860
3806 3514
3807 182
3807 295
3807 916
3807 3589
3807 4991
3809 2203
3809 3259
3810 692
3810 2699
3811 1640
3811 4048
3812 194
3812 3622
3813 1092
3813 3750
3813 4320
3815 477
3815 2263
3816 490
3817 531
3817 2141
3817 3739
3818 716
3818 2281
3819 414
3819 1349
3819 2785
3821 614
3821 950
3821 3039
3821 3960
3822 943
3822 3099
3822 3990
3823 2019
3824 2052
3824 4703
3825 4689
3826 2085
3826 4382
3827 2286
3827 2754
3828 537
3829 2040
3829 2544
3829 4128
3830 288
3830 1385
3830 2259
3830 3086
3831 4062
3832 1817
3833 2237
3833 4815
3834 1973
3834 2742
3834 3622
3834 4527
3835 3045
3836 2117
3836 2578
3836 4935
3837 128
3837 198
3837 885
3838 563
3839 4121
3840 4731
3841 3218
3842 4583
3843 432
3843 707
3844 2276
3844 3375
3845 655
3845 1520
3845 1879
3845 2054
3845 3719
3845 4920
3846 2082
3846 3470
3846 3667
3846 3887
3847 1832
3848 382
3848 800
3848 1506
3849 1604
3850 243
3852 2644
3852 3751
3853 1001
3854 877
3855 807
3855 2954
3856 2032
3856 2982
3858 2319
3858 2886
3859 3033
3860 5
3861 229
3861 627
3861 973
3861 1038
3861 2711
3861 4406
3862 22
3862 1284
3865 1357
3865 2040
3865 3673
3868 1864
3868 2486
3868 4111
3869 2104
3869 4922
3870 2852
3871 1387
3871 2613
3871 3259
3871 3578
3872 4579
3873 2558
3873 2911
3874 553
3874 3992
3875 3326
3876 1631
3876 1979
3876 4922
3877 169
3877 2050
3877 2535
3877 3553
3877 4542
3878 2789
3879 512
3882 3576
3883 3440
3883 3655
3886 4464
3887 3870
3888 3899
3889 172
3890 732
3890 1499
3890 2276
3890 4438
3892 4600
3892 4892
3893 1605
3893 4861
3894 465
3895 881
3895 943
3895 2137
3895 2246
3895 4176
3895 4955
3896 1921
3896 4484
3897 949
3898 26
3898 1043
3898 1882
3898 3871
3898 4941
3899 1674
3900 561
3900 1547
3900 2487
3902 1863
3904 1247
3904 2765
3905 2515
3907 824
3908 81
3908 2037
3909 1207
3909 3790
3910 1067
3910 1835
3911 4987
3912 1069
3913 174
3913 1102
3913 1351
3913 3020
3914 281
3914 663
3914 1775
3914 3949
3915 2842
3915 3837
3916 1794
3918 4629
3918 4805
3919 2515
3920 3368
3921 2590
3922 4357
3923 1565
3923 3432
3924 191
3924 4292
3925 1981
3926 17
3927 255
3927 1022
3927 1144
3928 3146
3929 397
3929 787
3929 1371
3929 4672
3930 1446
3931 1836
3932 343
3932 696
3932 2779
3932 3920
3933 2065
3933 2217
3934 1402
3936 3317
3937 1213
3937 3214
3937 3258
3938 589
3938 1778
3938 2165
3938 3055
3939 4117
3942 1251
3942 2153
3942 3873
3944 592
3944 684
3944 942
3944 1099
3944 1611
3944 4389
3945 3364
3946 408
3947 1263
3949 4515
3950 2178
3950 2418
3952 2799
3952 3118
3952 4370
3953 981
3953 4092
3954 1693
3954 3122
3954 3484
3956 99
3956 1543
3956 1575
3957 316
3957 2612
3958 1092
3958 1713
3958 2831
3959 1581
3959 4955
3960 1711
3960 3839
3960 4695
3961 1484
3962 1839
3962 4007
3963 4605
3964 1341
3964 1967
3964 1976
3964 3541
3964 3735
3965 1031
3965 1504
3965 1609
3965 1735
3965 2373
3965 3103
3965 3646
3965 4528
3966 3631
3968 619
3968 1434
3968 3129
3968 4585
3969 2650
3969 2988
3970 3886
3971 87
3971 2969
3972 4789
3974 287
3974 3059
3975 724
3976 2794
3978 367
3978 1267
3979 114
3979 3806
3979 4834
3980 411
3980 1374
3980 4417
3981 449
3981 450
3981 484
3981 1102
3981 3632
3982 1502
3982 1625
3983 504
3984 162
3984 329
3984 1904
3984 2268
3985 1584
3985 3313
3986 2275
3988 2614
3988 3259
3988 4032
3988 4244
3988 4404
3989 2071
3989 3486
3989 4034
3990 3697
3990 3851
3991 172
3991 3122
3991 3733
3991 4585
3992 729
3992 2555
3993 87
3993 360
3994 1178
3995 567
3995 1801
3995 2031
3996 16
3998 1310
3998 1820
3999 1347
3999 1676
3999 3230
4000 1294
4000 4406
4001 56
4001 670
4003 2342
4003 4788
4004 2908
4005 926
4006 4959
4007 31
4007 4040
4008 34
4008 3645
4008 4375
4009 734
4009 1016
4009 2200
4009 3912
4010 2009
4010 2234
4010 4187
4010 4197
4011 1181
4012 1586
4013 4710
4014 1357
4014 3840
4015 1582
4016 394
4016 1395
4019 3619
4019 4754
4020 3199
4020 4148
4021 1304
4022 135
4022 415
4023 662
4023 3968
4024 1032
4024 4591
4025 320
4025 1420
4025 2150
4025 4155
4026 3902
4026 4532
4027 1107
4027 2042
4027 2156
4028 1744
4028 2178
4028 2669
4029 1933
4030 2700
4032 2342
4032 2371
4032 4567
4032 4772
4032 4978
4033 30
4033 189
4033 2705
4034 101
4034 1808
4034 3032
4034 3142
4036 3138
4036 3206
4036 3339
4037 2896
4038 3241
4038 4963
4039 835
4040 426
4040 669
4040 3976
4041 243
4041 663
4041 862
4042 1036
4042 1780
4042 3779
4042 4985
4043 1678
4043 2966
4044 438
4045 3177
4045 3270
4046 4996
4047 2532
4047 3990
4047 4758
4048 2441
4049 4150
4050 3441
4050 3453
4051 1489
4051 1575
4051 3139
4052 2200
4053 1546
4053 3928
4054 2816
4055 911
4055 1138
4055 3397
4055 4040
4056 4264
4058 351
4058 902
4059 1368
4060 1295
4060 2450
4060 4376
4061 304
4061 1151
4062 125
4062 1179
4062 2928
4063 1910
4064 3757
4065 1079
4065 4960
4066 1764
4066 2827
4066 2921
4067 1012
4067 3634
4067 3955
4067 4064
4068 3585
4069 765
4069 2718
4071 80
4071 1448
4072 2361
4072 3361
4073 1752
4073 4474
4074 3770
4075 706
4075 1551
4076 4147
4076 4541
4077 249
4077 1535
4077 2687
4078 390
4078 995
4079 2042
4080 3647
4081 2016
4082 3759
4083 1311
4083 4920
4085 1511
4085 1820
4085 3092
4085 4156
4085 4781
4086 2364
4086 4915
4087 1209
4087 4070
4088 3534
4089 3435
4090 329
4091 734
4091 3034
4091 4853
4092 2443
4093 2503
4093 3998
4094 1934
4094 2625
4094 2890
4095 1927
4096 3385
4096 4184
4098 1337
4098 2216
4098 3836
4099 1216
4099 4419
4100 2987
4101 2208
4101 3067
4101 3983
4102 3972
4102 4914
4103 1008
4103 3241
4103 3814
4104 764
4105 853
4105 1234
4105 4512
4105 4966
4106 3345
4107 1262
4107 1300
4107 3199
4108 2115
4108 4384
4109 2706
4110 1671
4111 463
4111 3655
4112 1333
4112 2358
4113 86
4113 2817
4113 4148
4114 401
4114 3427
4115 844
4115 1461
4115 2238
4115 3433
4116 2358
4117 1084
4117 2262
4117 3478
4118 3832
4120 2285
4120 2540
4120 4429
4121 1427
4121 2636
4121 2902
4122 1630
4122 3307
4122 3966
4122 4727
4123 4475
4124 3687
4124 4227
4125 1540
4125 1691
4125 3440
4126 1908
4126 4336
4127 2450
4128 1551
4128 4191
4128 4698
4129 322
4129 1979
4130 2298
4130 3477
4130 4947
4131 3266
4131 3809
4132 846
4133 426
4133 1009
4134 71
4134 1626
4134 4243
4135 3896
4135 4592
4136 387
4137 1401
4137 4950
4138 1670
4139 2466
4139 2814
4139 4513
4140 986
4140 1342
4140 2642
4141 2875
4142 501
4143 1330
4143 2028
4143 4582
4144 1603
4144 3365
4144 4622
4144 4828
4145 211
4145 1630
4146 2909
4147 70
4147 3067
4148 447
4149 2498
4149 4096
4150 569
4150 699
4150 4169
4151 1854
4152 252
4152 2738
4152 2869
4152 3909
4152 4300
4153 537
4153 1982
4153 3111
4153 4079
4153 4886
4153 4993
4154 3062
4155 1193
4155 3195
4155 4886
4157 4647
4158 606
4158 1597
4158 1777
4158 4837
4159 684
4159 2893
4159 3606
4159 3753
4160 1753
4161 1139
4162 1488
4162 2287
4162 2757
4162 4296
4163 803
4163 2491
4163 3991
4163 4417
4164 1668
4165 4874
4166 3996
4168 1075
4168 3510
4169 1184
4169 1655
4170 2802
4170 4394
4171 1194
4171 2811
4171 3473
4172 4219
4172 5000
4173 4518
4173 4964
4176 419
4176 3002
4176 4638
4177 1361
4177 1567
4178 4682
4179 2300
4179 4156
4179 4338
4180 133
4180 409
4180 1035
4180 3208
4181 410
4181 887
4181 4679
4182 958
4183 937
4183 3165
4183 4692
4184 1516
4184 3231
4184 3432
4184 3640
4185 1816
4186 183
4186 3132
4186 4773
4187 2364
4188 1397
4189 1271
4189 1602
4189 4047
4190 1847
4191 4180
4192 75
4193 1671
4193 1941
4194 1215
4194 2185
4195 3502
4195 4758
4196 1045
4196 1367
4196 1980
4198 1857
4198 3298
4198 4732
4198 4935
4199 358
4199 1102
4200 1535
4200 1869
4200 3815
4200 4379
4200 4793
4201 478
4201 2739
4201 3570
4202 682
4202 1700
4203 8
4203 461
4203 3341
4204 1077
4204 4231
4204 4748
4206 208
4206 1645
4207 1999
4207 2496
4207 3773
4208 91
4208 199
4208 564
4209 580
4210 1987
4210 2514
4210 3196
4212 1512
4212 2237
4212 3318
4212 3532
4212 3703
4212 4236
4214 3805
4215 2632
4215 3506
4215 4392
4216 596
4216 4070
4216 4649
4218 2329
4222 3080
4222 3458
4222 4518
4223 695
4223 3806
4224 1054
4225 891
4225 1061
4225 2585
4226 638
4227 2464
4227 3365
4227 4195
4228 2116
4229 1639
4229 4070
4229 4961
4230 1309
4231 756
4231 817
4231 4300
4232 298
4232 3332
4233 4154
4234 375
4234 2185
4235 629
4235 1966
4236 3786
4236 4599
4237 3274
4238 1171
4238 1731
4239 4283
4240 1986
4240 3017
4242 3281
4243 3917
4244 1829
4245 558
4245 1131
4245 1585
4246 1326
4246 3909
4247 1832
4247 2681
4247 3189
4247 3213
4249 2336
4249 3576
4250 4395
4251 501
4251 1791
4251 4952
4252 1242
4252 4781
4253 814
4253 997
4253 2115
4254 3498
4254 3999
4254 4291
4255 2064
4255 2487
4256 777
4256 1139
4256 1363
4256 1393
4256 1737
4256 2938
4256 3557
4257 534
4259 2236
4259 3807
4260 558
4262 2341
4262 3472
4263 865
4263 3907
4263 4977
4264 4310
4265 364
4265 1626
4265 1834
4265 2574
4267 66
4267 1201
4267 2034
4267 3138
4270 4848
4272 210
4272 556
4272 1871
4273 2558
4275 203
4275 779
4275 1904
4275 2531
4276 3705
4276 4038
4276 4423
4278 902
4278 4148
4279 1392
4279 2317
4279 3936
4281 1247
4282 1312
4282 1894
4282 2602
4283 1450
4283 3682
4284 1784
4285 1494
4285 4533
4285 4884
4286 349
4286 3072
4287 1605
4288 323
4288 4551
4289 1709
4289 3043
4291 700
4293 2026
4293 2379
4294 1819
4294 2422
4295 2427
4296 633
4296 896
4296 2266
4296 2390
4296 2554
4298 1856
4299 4016
4300 2398
4300 2763
4301 2734
4302 998
4304 42
4304 1957
4304 3022
4304 3606
4305 3010
4306 222
4306 1610
4306 2131
4306 3742
4306 4697
4307 853
4307 1677
4307 3876
4307 4502
4307 4648
4308 319
4308 4905
4309 2291
4310 2491
4310 3008
4311 228
4312 2018
4312 3213
4312 4787
4313 3587
4313 4126
4314 3147
4314 3800
4315 1115
4315 4788
4316 362
4317 1610
4319 4621
4320 314
4320 1073
4322 1791
4322 3342
4323 132
4323 2391
4323 4549
4325 1196
4327 1346
4328 2830
4329 1437
4329 3680
4331 319
4331 1858
4332 2383
4332 4843
4333 282
4333 1781
4333 2048
4333 4140
4334 510
4334 937
4334 3971
4335 3343
4336 570
4336 1207
4336 3527
4336 3949
4339 1994
4339 3006
4340 726
4340 2539
4340 3085
4340 3424
4341 1944
4341 4123
4342 2200
4342 3428
4343 1986
4343 3611
4344 723
4345 3808
4346 1928
4347 1543
4347 1801
4347 1957
4347 1996
4347 4477
4348 2475
4349 3666
4351 2201
4352 53
4352 1025
4352 1787
4352 2012
4353 1897
4353 3843
4354 2030
4356 2460
4357 4844
4358 1457
4358 4464
4359 858
4359 1703
4359 2242
4359 3508
4360 3811
4360 4930
4360 4959
4361 3926
4362 326
4362 1807
4362 4031
4362 4886
4364 1776
4364 4899
4365 2896
4366 2507
4366 3683
4366 4946
4368 468
4368 2497
4368 4022
4369 3315
4369 3502
4370 2384
4370 2658
4370 2776
4370 3836
4371 2300
4372 547
4372 1677
4372 1685
4372 2259
4372 3519
4373 4911
4375 540
4376 517
4376 2193
4376 2213
4377 876
4377 971
4379 2449
4379 2528
4379 3838
4380 669
4380 1711
4380 2262
4382 2301
4382 4321
4383 2838
4384 4
4384 1315
4384 4231
4384 4878
4387 288
4388 3114
4390 1096
4390 2578
4390 3832
4390 4804
4391 137
4391 2519
4392 4672
4393 1429
4394 3970
4395 1885
4395 2934
4395 3175
4397 4355
4398 1003
4398 1627
4398 4847
4399 1012
4399 3182
4401 642
4402 1459
4403 802
4403 1946
4403 2134
4403 3396
4403 4545
4404 2300
4404 3832
4404 4351
4405 1933
4408 4657
4410 1908
4410 3465
4410 3466
4410 3577
4410 4275
4411 1225
4412 523
4412 2641
4412 3412
4413 940
4413 4301
4414 934
4414 1700
4414 2155
4415 2084
4416 3033
4416 3812
4418 3320
4418 3459
4418 4075
4419 648
4419 3938
4420 4359
4420 4500
4421 1836
4421 3401
4422 3379
4426 4382
4428 474
4428 2644
4428 4486
4429 1371
4430 401
4431 1819
4431 2044
4432 3161
4432 4377
4432 4545
4433 360
4433 4524
4434 1254
4434 4268
4435 910
4435 2556
4436 953
4436 3681
4437 238
4437 1068
4438 1107
4438 2390
4439 616
4439 4183
4440 1711
4440 3003
4440 4083
4440 4085
4441 671
4442 3260
4442 4120
4444 2661
4444 4622
4445 211
4445 1792
4445 2102
4445 3249
4446 724
4446 727
4446 2665
4448 2063
4448 2330
4448 2765
4448 3812
4448 3977
4449 594
4449 3878
4450 3939
4451 1381
4451 1637
4452 441
4453 1524
4453 1669
4453 2139
4454 223
4455 4654
4455 4843
4456 99
4456 3717
4457 2317
4457 4368
4457 4466
4458 2209
4458 3275
4459 1505
4459 2357
4460 915
4460 2096
4461 619
4461 803
4462 3002
4463 1221
4463 2085
4464 700
4464 4678
4465 1066
4465 1511
4465 3335
4466 324
4466 420
4467 3383
4467 3452
4468 1663
4468 3814
4468 4070
4470 1567
4471 978
4471 2515
4472 514
4473 602
4473 2160
4473 3068
4473 4045
4474 2928
4474 3598
4474 4807
4475 2499
4476 3897
4477 4580
4478 2909
4478 3458
4479 2054
4479 4156
4479 4914
4480 160
4480 1006
4480 4785
4481 3906
4482 1821
4482 2164
4482 2445
4483 1874
4484 946
4484 3312
4484 3717
4485 4047
4487 765
4487 3065
4488 2012
4489 434
4489 3678
4490 1429
4492 1261
4492 2135
4495 4062
4496 2453
4498 495
4498 682
4498 2156
4498 3028
4499 1063
4499 1264
4499 2857
4499 4637
4500 850
4500 1160
4500 1780
4500 4934
4501 3711
4501 4463
4501 4809
4502 2582
4502 3250
4503 579
4503 3034
4503 3877
4504 534
4504 1123
4504 1208
4504 4938
4505 547
4505 1389
4505 4691
4505 4818
4506 53
4506 1596
4506 2794
4506 2985
4506 4127
4507 76
4507 3684
4508 1411
4508 2621
4508 2909
4508 4783
4509 697
4509 1233
4509 3535
4510 1119
4510 2049
4511 547
4511 1688
4512 4434
4513 2306
4513 3121
4513 3565
4513 4334
4514 3094
4514 4659
4515 2024
4515 3058
4516 1595
4516 4174
4518 4880
4519 4811
4520 282
4520 2593
4520 3315
4521 12
4521 231
4521 303
4521 1885
4522 2687
4523 656
4523 2420
4525 916
4525 1936
4525 2965
4525 3618
4527 843
4527 1639
4527 1951
4527 4304
4528 4877
4529 1661
4529 4016
4530 395
4530 3125
4530 4741
4534 3074
4535 4754
4536 1180
4536 2247
4537 608
4537 688
4537 1632
4538 896
4538 2046
4538 2096
4538 3248
4538 4460
4539 383
4539 4657
4540 770
4540 1441
4540 1881
4540 2594
4540 2814
4541 20
4541 704
4541 4809
4542 2385
4544 2905
4545 2142
4545 2332
4547 511
4547 2409
4547 4903
4548 1802
4548 2911
4549 4613
4550 762
4550 4512
4552 4617
4553 2833
4553 4244
4554 4447
4555 379
4555 825
4555 2123
4556 3338
4556 4203
4556 4692
4557 2605
4557 3621
4557 4551
4558 4758
4558 4964
4559 3043
4560 3173
4560 3705
4561 316
4561 1413
4561 4111
4562 350
4562 1208
4563 2450
4565 752
4565 2279
4566 1360
4566 2311
4566 2880
4567 2448
4567 4380
4567 4696
4568 1630
4568 4617
4569 1059
4570 4635
4570 4996
4572 1218
4574 1806
4574 2341
4574 2666
4574 4262
4577 975
4582 4891
4583 694
4583 1387
4583 1860
4583 2514
4585 1321
4585 1852
4587 340
4589 729
4589 925
4589 1224
4590 884
4593 3127
4593 3858
4594 3501
4595 128
4595 1056
4595 2527
4596 3082
4596 3794
4598 148
4598 190
4598 2720
4599 991
4599 4748
4601 2267
4602 562
4602 809
4604 1761
4604 2318
4605 1200
4605 4366
4606 520
4606 2552
4607 3043
4607 4270
4608 4794
4610 1920
4610 4418
4610 4600
4610 4803
4611 3722
4612 2080
4613 1440
4614 4314
4614 4545
4615 56
4615 734
4615 1214
4616 2570
4617 500
4618 454
4618 827
4618 950
4618 1579
4619 101
4619 407
4619 3882
4620 3915
4621 2461
4621 2752
4622 1419
4623 864
4623 1031
4625 1924
4625 2112
4625 2576
4626 1959
4626 4028
4627 855
4627 983
4627 4146
4628 2237
4628 2817
4628 4028
4630 1407
4630 4257
4631 80
4631 370
4631 3153
4632 150
4633 1197
4635 1402
4635 1501
4635 2130
4636 1992
4637 738
4637 3100
4639 230
4639 403
4639 2403
4639 2991
4639 3159
4639 4204
4640 3639
4640 4440
4640 4804
4641 1143
4641 2493
4642 2218
4642 2268
4642 3647
4643 3195
4644 2112
4644 2366
4645 2061
4645 4081
4646 3284
4647 894
4648 677
4648 2381
4649 733
4649 891
4649 3632
4650 240
4650 1290
4651 3661
4651 4240
4652 1167
4652 1333
4652 2093
4652 3154
4653 1618
4653 2510
4654 4310
4655 1186
4655 1280
4656 1926
4657 46
4657 1342
4657 1718
4657 3283
4657 4203
4658 572
4658 1670
4658 3049
4658 3543
4659 793
4659 829
4659 1350
4659 2839
4659 2996
4660 2573
4661 2059
4661 4071
4662 3549
4662 3645
4663 2762
4664 2706
4665 431
4665 1279
4665 3470
4667 1747
4667 3735
4668 1680
4668 3768
4669 3207
4670 2244
4671 165
4671 2464
4672 2135
4672 4274
4673 2839
4674 4105
4675 1613
4675 4882
4676 2205
4676 2715
4676 4822
4678 3776
4678 4313
4680 2691
4680 3054
4680 3083
4681 449
4681 819
4681 987
4681 2063
4682 2653
4683 810
4683 2323
4683 3334
4684 3601
4685 2654
4685 4092
4687 3520
4687 4447
4688 388
4688 1058
4690 1752
4690 1938
4691 208
4691 4716
4692 388
4692 1127
4693 383
4693 1444
4693 3542
4693 4698
4694 1191
4695 2578
4695 2816
4696 884
4696 964
4696 1216
4696 2210
4696 2927
4696 3967
4697 1072
4697 2835
4698 762
4700 2165
4700 3169
4701 2793
4702 4854
4703 1737
4703 2429
4703 2546
4704 1819
4704 2672
4704 4819
4706 918
4706 2520
4707 3664
4709 1153
4709 3323
4709 3516
4709 3755
4710 1656
4710 1793
4711 1088
4711 1133
4711 1426
4711 3722
4712 1249
4713 3202
4713 3720
4714 2981
4715 4476
4718 1005
4718 2766
4718 4434
4718 4598
4719 794
4719 943
4719 1010
4720 11
4720 3192
4720 3950
4721 3802
4723 137
4723 2044
4723 3260
4723 3290
4724 434
4724 1461
4725 2008
4726 313
4726 4644
4728 85
4728 1634
4728 4687
4729 172
4729 3665
4729 4611
4729 4733
4730 2416
4730 2861
4731 2529
4731 3436
4731 3483
4732 31
4732 325
4732 4655
4733 615
4733 3129
4733 3440
4733 4362
4734 3380
4734 4845
4736 2419
4736 2509
4736 2971
4737 1823
4737 2972
4738 942
4738 2103
4738 2396
4738 2765
4738 3052
4739 4780
4740 648
4740 1935
4740 2371
4740 4495
4741 316
4741 2637
4741 3492
4742 4095
4743 424
4743 4274
4744 1161
4745 465
4745 935
4745 4467
4746 4255
4746 4305
4747 1329
4747 2764
4747 3560
4748 1145
4749 3553
4749 4467
4749 4947
4750 4675
4751 2007
4751 3165
4751 3459
4751 4779
4752 2726
4752 3889
4753 4097
4754 821
4755 2116
4755 3087
4756 260
4756 3286
4757 2909
4757 4206
4758 1798
4758 3523
4758 4114
4759 210
4759 1300
4760 3750
4761 2191
4761 4774
4762 1109
4762 1598
4762 2343
4763 791
4764 1573
4764 3450
4764 3958
4765 152
4765 3557
4765 4505
4766 205
4766 265
4767 381
4767 2972
4767 4327
4767 4886
4768 1236
4768 4679
4769 2247
4770 4140
4771 1137
4771 1662
4772 954
4772 1365
4772 1530
4772 3761
4773 2104
4773 4709
4774 2740
4774 4902
4775 3415
4776 734
4776 2622
4777 3214
4777 4351
4778 2082
4778 2605
4778 3102
4778 3860
4780 114
4780 3011
4782 991
4783 1757
4783 3240
4783 4857
4784 1205
4785 878
4785 895
4785 4826
4786 2028
4786 2971
4787 2747
4788 1656
4788 3898
4789 4699
4790 2236
4790 2779
4790 3312
4790 3963
4790 4389
4791 1681
4791 4841
4792 1059
4792 3148
4793 2627
4793 4840
4795 1602
4797 3810
4799 4421
4800 4493
4800 4689
4801 2190
4801 3880
4801 4576
4802 362
4802 2877
4803 2000
4803 2095
4803 2194
4807 39
4807 1612
4808 651
4808 3250
4809 1799
4809 4559
4811 1403
4811 2753
4811 3180
4812 1210
4812 2750
4813 1154
4813 3442
4814 519
4814 588
4814 1264
4815 2620
4815 4394
4816 809
4816 2013
4817 3066
4818 1536
4819 30
4819 927
4819 3854
4820 574
4820 602
4820 1269
4820 1790
4820 1921
4821 925
4821 2282
4822 2767
4823 4195
4824 2323
4825 709
4825 788
4825 2456
4825 3608
4826 1669
4826 1927
4826 1932
4827 3830
4828 1277
4828 1447
4828 1677
4828 1683
4828 3217
4828 3289
4828 3338
4830 1214
4831 1144
4832 765
4832 4665
4833 1162
4833 2820
4834 200
4834 1378
4835 1029
4836 3635
4836 4022
4837 1277
4837 2416
4837 4944
4839 332
4839 500
4839 1208
4840 384
4840 4481
4840 4491
4841 472
4841 2233
4841 3716
4841 4389
4842 759
4843 1856
4844 987
4844 1604
4845 1925
4845 3709
4845 4522
4846 587
4847 3821
4847 4200
4847 4343
4848 561
4848 736
4848 1063
4848 2219
4848 4494
4849 501
4850 3060
4851 3355
4852 4686
4853 2403
4853 3621
4855 2771
4855 3082
4855 4801
4856 1275
4857 2645
4858 1239
4858 1246
4858 4457
4859 4540
4860 229
4860 3743
4861 1953
4861 2288
4861 4182
4862 408
4862 720
4862 1156
4862 2373
4863 3948
4864 403
4864 763
4864 1275
4864 1480
4864 3509
4865 517
4865 959
4865 4064
4866 93
4866 1683
4866 2186
4867 257
4867 1279
4867 3430
4868 2471
4869 2849
4869 2886
4871 5
4871 3401
4873 1470
4873 3056
4873 3082
4874 635
4874 735
4874 2695
4875 115
4875 2629
4875 4692
4876 662
4876 2156
4877 1884
4878 2113
4878 4193
4879 383
4879 1462
4879 2693
4879 2775
4879 3341
4880 900
4882 2015
4882 2344
4883 2192
4883 3540
4883 4088
4886 4294
4887 3334
4888 1074
4888 1715
4888 1950
4889 2900
4890 2568
4892 3531
4893 2469
4893 4823
4894 300
4894 905
4894 991
4894 3549
4895 341
4895 424
4895 1107
4895 1573
4895 3636
4896 272
4896 2083
4896 2115
4897 2810
4897 3758
4897 4293
4897 4562
4898 834
4898 1732
4898 1860
4898 2437
4900 2969
4901 2110
4901 4559
4901 4616
4903 4565
4905 220
4905 1800
4905 4502
4905 4518
4906 1358
4907 1846
4908 1376
4908 2351
4908 2935
4908 2950
4909 1431
4910 840
4913 2467
4914 3746
4914 4249
4915 4611
4916 4142
4917 243
4917 301
4917 3560
4918 286
4918 846
4918 2981
4919 4661
4920 1222
4920 3055
4921 1900
4921 2234
4923 1250
4923 1673
4924 40
4924 1510
4925 196
4925 930
4925 3078
4925 4704
4926 886
4926 1371
4926 2087
4926 2285
4926 3297
4926 3506
4927 2323
4929 647
4929 2485
4929 2744
4929 2820
4929 4836
4930 1861
4931 922
4931 2789
4932 376
4933 166
4933 3415
4933 4226
4934 1824
4934 2301
4934 2772
4935 1169
4935 1627
4935 1793
4936 426
4936 870
4939 2629
4939 3075
4940 4640
4940 4873
4941 2128
4941 4081
4942 822
4942 4049
4943 113
4943 3184
4944 924
4944 4430
4945 1118
4945 1636
4945 4172
4946 2876
4946 3656
4947 1731
4947 1836
4948 2210
4948 3047
4948 4018
4950 451
4950 1642
4951 4646
4951 4744
4952 91
4952 506
4952 3199
4953 1105
4953 2765
4954 1846
4954 2855
4954 4883
4955 3363
4956 1141
4956 4648
4958 2919
4959 3506
4959 4954
4960 694
4960 2197
4960 3082
4961 949
4961 1235
4962 3475
4963 303
4964 443
4964 3212
4964 4731
4966 2048
4966 4706
4967 3219
4967 4517
4968 595
4968 3600
4969 222
4969 3829
4969 3947
4969 4512
4970 3813
4971 56
4972 227
4972 4373
4972 4549
4973 842
4973 2883
4973 3080
4973 3205
4973 3516
4974 533
4974 3354
4975 2788
4976 139
4976 566
4976 2918
4977 408
4978 3201
4978 3216
4978 4407
4980 51
4981 614
4981 3214
4982 1542
4982 1578
4982 1727
4982 1752
4982 4007
4982 4474
4983 1638
4984 1876
4986 3649
4987 1537
4988 2328
4988 3745
4989 2901
4990 2011
4992 1532
4992 1965
4992 3491
4993 790
4993 1919
4993 2266
4995 1066
4995 1771
4995 3443
4995 4399
4996 3450
4996 4202
4997 200
4997 4344
4998 2606
4998 3970
4999 1222
4999 1860
4999 3708
4999 4425
5000 1096
5000 2953
