30
9 2 3 6 11 17 18 19 28 30 
9 1 8 12 18 19 21 22 25 29 
10 1 6 8 11 12 17 19 20 23 28 
5 5 10 13 17 30 
3 4 18 21 
8 1 3 8 16 22 23 25 27 
4 14 16 22 25 
7 2 3 6 17 26 28 29 
3 10 15 17 
7 4 9 19 20 22 26 27 
6 1 3 12 20 24 26 
11 2 3 11 14 15 20 21 22 25 28 30 
6 4 14 15 16 19 25 
4 7 12 13 19 
5 9 12 13 16 27 
8 6 7 13 15 19 21 23 25 
6 1 3 4 8 9 24 
3 1 2 5 
11 1 2 3 10 13 14 16 20 22 23 25 
6 3 10 11 12 19 23 
7 2 5 12 16 26 27 29 
10 2 6 7 10 12 19 24 25 27 28 
9 3 6 16 19 20 25 27 28 30 
5 11 17 22 27 29 
9 2 6 7 12 13 16 19 22 23 
5 8 10 11 21 27 
9 6 10 15 21 22 23 24 26 29 
6 1 3 8 12 22 23 
5 2 8 21 24 27 
4 1 4 12 23 
