100
10 16 19 25 30 32 40 47 58 72 83 
10 3 13 20 22 47 67 81 82 92 100 
10 2 44 45 49 58 59 66 74 85 94 
6 5 12 23 27 37 73 
12 4 12 15 29 56 57 67 68 69 73 79 85 
10 9 23 29 34 53 65 67 73 91 96 
7 25 30 37 42 43 44 97 
11 15 16 17 19 33 39 43 47 71 83 87 
12 6 12 15 20 30 47 56 58 60 83 98 100 
8 16 17 45 74 82 83 87 89 
9 13 30 31 67 68 69 71 91 99 
12 4 5 9 20 21 27 29 58 60 72 81 82 
10 2 11 34 35 67 83 86 89 94 95 
12 23 26 32 36 44 51 53 63 68 73 85 93 
16 5 8 9 20 21 22 34 41 42 54 56 72 76 79 87 95 
13 1 8 10 18 23 24 33 39 49 50 58 70 90 
13 8 10 27 34 45 49 51 54 63 66 71 79 88 
7 16 29 31 36 70 85 89 
11 1 8 31 34 37 58 67 81 82 83 90 
12 2 9 12 15 22 32 35 61 74 75 82 96 
11 12 15 23 25 36 40 43 53 75 76 81 
12 2 15 20 23 31 34 37 42 52 58 71 89 
12 4 6 14 16 21 22 24 46 61 80 87 94 
10 16 23 42 48 62 69 79 81 82 88 
8 1 7 21 30 67 70 93 94 
5 14 65 71 84 86 
11 4 12 17 40 45 46 62 80 83 91 99 
11 43 48 50 51 55 64 69 74 91 97 100 
8 5 6 12 18 32 36 37 66 
13 1 7 9 11 25 37 47 50 53 54 76 77 81 
8 11 18 19 22 45 64 68 77 
9 1 14 20 29 36 37 56 67 100 
7 8 16 41 42 55 64 74 
14 6 13 15 17 19 22 35 42 45 47 59 67 82 84 
9 13 20 34 50 51 58 72 74 100 
11 14 18 21 29 32 53 74 78 79 86 96 
12 4 7 19 22 29 30 32 58 84 86 91 100 
8 41 44 47 57 60 71 91 95 
9 8 16 46 61 66 73 77 87 91 
7 1 21 27 44 63 81 84 
9 15 33 38 58 65 67 75 79 89 
15 7 15 22 24 33 34 50 53 63 64 66 72 75 98 100 
9 7 8 21 28 47 57 72 85 99 
13 3 7 14 38 40 45 49 52 53 59 71 90 96 
14 3 10 17 27 31 34 44 52 61 78 89 93 94 97 
7 23 27 39 52 64 75 92 
13 1 2 8 9 30 34 38 43 50 80 89 98 99 
7 24 28 51 59 66 83 99 
9 3 16 17 44 50 57 58 65 88 
11 16 28 30 35 42 47 49 65 79 86 97 
10 14 17 28 35 48 54 65 69 70 85 
8 22 44 45 46 54 60 68 92 
13 6 14 21 30 36 42 44 58 59 61 66 73 97 
10 15 17 30 51 52 66 84 98 99 100 
2 28 33 
5 5 9 15 32 71 
11 5 38 43 49 68 69 77 81 90 92 95 
18 1 3 9 12 16 19 22 35 37 41 49 53 71 83 87 88 93 98 
7 3 34 44 48 53 81 86 
10 9 12 38 52 64 72 73 85 86 90 
11 20 23 39 45 53 64 74 75 84 85 87 
10 24 27 72 74 75 77 79 85 90 92 
10 14 17 40 42 64 67 87 88 92 97 
10 28 31 33 42 46 60 61 63 67 81 
10 6 26 41 49 50 51 75 79 96 99 
9 3 17 29 39 42 48 53 54 81 
15 2 5 6 11 13 19 25 32 34 41 63 64 74 75 89 
11 5 11 14 31 52 57 75 79 83 89 90 
7 5 11 24 28 51 57 87 
6 16 18 25 51 90 92 
9 8 11 17 22 26 38 44 56 58 
9 1 12 15 35 42 43 60 62 90 
9 4 5 6 14 39 53 60 79 87 
14 3 10 20 28 33 35 36 61 62 67 82 83 85 88 
12 20 21 41 42 46 61 62 65 67 68 83 94 
4 15 21 30 95 
6 30 31 39 57 62 100 
6 36 45 82 94 95 96 
14 5 15 17 24 36 41 50 62 65 68 73 86 88 98 
6 23 27 47 81 84 89 
15 2 12 19 21 24 30 40 57 59 64 66 80 86 87 96 
13 2 10 12 19 20 24 34 74 78 83 88 89 91 
15 1 8 9 10 13 19 27 48 58 68 74 75 82 92 93 
8 26 34 37 40 54 61 80 98 
12 3 5 14 18 43 51 60 61 62 74 88 90 
9 13 26 36 37 50 59 60 79 81 
12 8 10 15 23 39 58 61 63 69 73 81 99 
10 17 24 49 58 63 74 79 82 85 93 
13 10 13 18 22 41 45 47 67 68 80 82 94 99 
10 16 19 44 57 60 62 68 70 72 85 
10 6 11 27 28 37 38 39 82 94 97 
9 2 46 52 57 62 63 70 83 94 
8 14 25 45 58 83 88 94 96 
13 3 13 23 25 45 75 78 89 91 92 93 95 97 
7 13 15 38 57 76 78 94 
8 6 20 36 44 65 78 81 93 
8 7 28 45 50 53 63 91 94 
7 9 42 47 54 58 79 84 
9 11 27 43 47 48 54 65 87 89 
9 2 9 28 32 35 37 42 54 77 
