200
31 11 12 18 36 43 44 47 50 62 66 83 87 88 103 105 107 115 116 130 138 142 143 147 149 157 158 179 180 181 190 192 
26 3 15 16 23 29 30 31 39 42 49 68 89 91 95 98 104 118 121 140 141 144 163 168 185 186 187 
31 2 10 19 28 29 31 42 49 68 84 86 91 98 104 106 118 140 141 144 155 156 168 169 174 184 185 186 187 194 195 197 
19 7 33 46 51 58 72 77 90 96 113 119 120 124 126 135 137 145 170 193 
29 7 8 25 33 41 45 46 51 59 70 71 76 77 111 113 119 120 124 127 128 133 134 152 170 178 189 191 193 196 
29 13 21 26 27 38 40 52 54 60 63 64 69 75 82 93 100 101 108 125 129 131 132 139 146 161 162 167 175 199 
24 4 5 8 33 41 45 46 51 58 77 90 96 109 113 119 124 126 135 137 145 152 178 189 191 
29 5 7 14 25 33 41 45 46 51 58 59 70 72 77 109 111 120 123 124 127 128 133 135 145 152 154 170 178 191 
34 11 32 34 35 36 47 50 55 80 83 87 94 102 103 105 107 115 116 117 136 138 147 149 150 151 158 173 179 181 183 188 190 198 200 
29 3 15 19 23 28 29 31 39 42 68 74 85 89 91 92 95 118 121 140 141 144 168 172 174 182 186 187 195 197 
34 1 9 12 18 32 34 36 43 50 61 62 66 80 83 87 99 103 107 115 117 122 130 138 142 148 149 150 151 173 179 180 188 192 198 
28 1 11 18 34 44 50 55 61 62 79 87 88 97 102 103 105 107 114 115 116 122 149 150 158 173 181 192 198 
26 6 17 21 24 26 38 53 54 56 60 63 65 73 75 78 81 82 108 110 125 131 132 159 162 164 166 
21 8 25 33 41 70 77 90 109 120 127 128 134 135 137 145 152 170 189 191 193 196 
31 2 10 16 23 29 30 39 42 48 49 67 84 85 86 89 104 118 121 140 141 144 153 155 165 168 172 176 182 184 185 187 
27 2 15 19 28 30 31 39 42 48 57 89 91 92 118 121 140 141 144 155 156 163 165 172 174 187 194 195 
26 13 21 22 24 27 37 38 54 60 63 65 69 75 81 82 125 129 132 139 159 160 161 162 164 166 175 
37 1 11 12 20 35 36 43 50 55 61 62 66 79 80 87 88 94 99 102 105 112 114 115 116 117 130 138 142 143 148 151 173 177 179 180 181 192 
33 3 10 16 28 30 48 49 57 67 74 84 86 91 95 104 106 118 121 140 153 155 156 163 165 168 169 176 182 184 187 194 195 197 
34 18 34 36 44 50 55 61 62 87 88 97 99 102 105 107 112 116 122 136 138 142 143 147 148 150 158 171 173 179 180 181 190 198 200 
27 6 13 17 22 24 54 56 60 64 69 75 78 81 82 93 100 101 108 110 132 139 146 160 162 164 175 199 
25 17 21 26 27 37 53 54 60 64 69 73 75 78 81 108 110 125 129 132 146 159 160 161 167 199 
32 2 10 15 28 29 30 39 42 48 49 57 74 84 85 86 89 91 95 98 104 106 153 155 156 163 165 169 185 186 187 194 195 
27 13 17 21 26 27 37 40 53 54 63 64 69 75 101 108 110 129 131 132 139 146 159 161 162 164 167 175 
24 5 8 14 33 45 46 58 70 71 72 109 113 124 126 127 128 134 135 137 145 154 189 191 193 
28 6 13 22 24 38 40 52 53 54 60 63 64 69 81 100 108 110 129 131 132 139 146 159 162 164 167 175 199 
28 6 17 22 24 38 40 52 56 60 63 65 69 73 75 78 81 93 108 110 125 131 146 159 162 166 167 175 199 
37 3 10 16 19 23 29 30 31 39 42 49 57 67 68 84 85 86 89 91 92 95 98 104 106 141 144 153 156 165 169 176 184 185 186 194 195 197 
33 2 3 10 15 23 28 31 39 48 49 57 68 74 85 86 91 92 121 140 141 144 153 156 165 168 172 176 182 186 187 194 195 197 
34 2 15 16 19 23 28 31 39 42 48 49 57 68 84 95 104 106 118 121 140 144 153 155 156 163 165 169 174 176 182 186 187 195 197 
28 2 3 10 16 28 29 30 42 48 49 67 68 86 91 92 95 98 106 121 140 153 165 169 172 176 186 194 195 
33 9 11 35 43 47 50 62 80 88 94 97 99 103 105 107 112 115 117 122 130 136 142 143 148 157 173 179 180 181 183 188 190 200 
34 4 5 7 8 14 25 41 45 46 51 58 59 70 71 72 76 77 90 109 111 123 124 126 127 128 133 134 137 145 154 170 191 193 196 
34 9 11 12 20 35 36 43 44 55 61 66 79 83 87 97 99 102 107 112 116 117 130 138 142 149 151 157 171 173 177 180 188 192 200 
37 9 18 32 34 47 50 55 61 66 79 80 83 87 88 94 97 99 102 103 114 117 136 143 147 148 150 151 158 173 177 179 180 181 183 190 198 200 
41 1 9 11 18 20 34 44 50 61 62 66 79 83 94 97 99 102 103 107 112 114 116 122 130 138 142 143 148 150 157 158 171 173 177 179 180 181 188 192 198 200 
25 17 22 24 52 54 56 60 63 75 81 93 101 108 110 125 131 132 139 146 159 164 166 167 175 199 
26 6 13 17 26 27 40 52 60 63 64 65 73 78 81 101 110 125 129 132 139 146 160 162 164 167 175 
34 2 10 15 16 23 28 29 30 42 49 67 84 85 89 91 92 98 106 121 140 144 153 155 156 163 165 168 169 174 176 182 185 194 195 
21 6 24 26 27 38 53 54 64 75 78 81 82 93 101 108 125 139 161 162 164 166 
26 5 7 8 14 33 51 70 71 76 109 111 123 124 126 128 133 135 137 145 152 154 170 189 191 193 196 
35 2 3 10 15 16 23 28 30 31 39 48 49 57 67 68 74 86 89 91 98 104 106 118 121 144 153 156 168 169 172 182 184 185 186 197 
28 1 11 18 32 34 44 47 50 55 83 87 88 94 116 122 130 138 142 147 148 149 157 173 177 179 183 188 190 
35 1 12 20 34 36 43 50 83 88 97 107 112 114 115 116 117 122 130 136 142 143 148 150 157 173 177 179 180 181 183 188 190 192 198 200 
27 5 7 8 25 33 58 70 72 90 111 113 119 120 123 126 128 134 137 145 152 154 170 178 189 191 193 196 
26 4 5 7 8 25 33 51 58 70 71 72 77 96 109 111 119 123 124 133 134 135 137 145 178 191 196 
33 1 9 32 35 43 50 55 61 62 66 79 83 88 94 97 103 105 112 114 117 122 130 142 147 148 149 150 157 173 177 180 192 198 
32 15 16 19 23 29 30 31 42 49 57 68 74 84 85 86 92 106 118 141 144 153 163 165 172 176 182 184 185 187 194 195 197 
34 2 3 15 19 23 28 29 30 31 39 42 48 57 74 84 86 89 91 95 104 106 140 155 156 165 172 174 176 182 184 185 187 194 195 
39 1 9 11 12 18 20 32 35 36 43 44 47 55 66 79 80 87 88 99 102 103 107 112 114 116 117 122 142 143 147 151 157 158 171 177 180 188 198 200 
25 4 5 7 8 33 41 46 58 72 76 96 109 111 113 123 126 133 134 135 145 152 170 189 193 196 
27 6 26 27 37 38 53 54 56 60 64 65 75 82 93 100 101 108 110 129 132 139 160 162 164 166 167 175 
25 13 22 24 26 40 52 54 60 63 73 81 93 100 108 125 131 132 139 159 160 161 164 166 175 199 
26 6 13 17 21 22 24 26 37 40 52 53 56 60 65 75 78 81 82 93 100 101 108 132 164 167 175 
39 9 12 18 20 34 35 43 47 50 61 66 79 80 83 87 94 99 103 107 114 116 122 130 138 142 143 147 148 149 151 158 171 173 177 179 181 183 190 200 
22 13 21 27 37 52 54 63 69 73 75 78 101 108 125 131 132 139 162 166 167 175 199 
27 16 19 23 28 29 30 42 48 49 67 68 74 89 91 98 104 106 121 140 153 165 169 172 182 185 187 194 
28 4 7 8 25 33 45 46 51 59 70 72 90 96 109 113 119 120 127 128 134 137 145 152 154 178 191 193 196 
24 5 8 33 58 70 71 72 77 90 96 109 123 126 127 128 134 135 137 145 154 178 189 191 196 
29 6 13 17 21 22 26 27 37 38 52 53 54 63 65 69 75 78 101 108 110 125 131 132 159 160 162 164 167 175 
25 11 12 18 20 34 35 36 47 55 62 66 80 83 102 105 115 116 122 130 136 158 171 173 183 188 
32 1 11 12 18 20 32 36 47 61 66 80 87 88 103 105 107 112 116 122 130 143 147 149 150 157 158 173 180 181 183 188 192 
23 6 13 17 24 26 27 37 38 53 56 60 64 65 69 101 125 129 131 146 160 164 166 175 
23 6 21 22 24 26 38 40 52 63 73 75 78 81 82 101 108 110 125 139 146 160 162 164 
22 13 17 27 38 52 54 60 63 69 73 78 82 93 100 101 132 146 159 160 161 166 167 
33 1 11 18 34 35 36 47 50 55 61 62 88 94 103 105 112 114 115 116 130 138 142 143 148 149 151 173 180 181 188 190 192 200 
32 15 19 28 31 39 42 57 74 84 86 89 91 92 95 98 104 118 141 144 153 155 163 165 168 172 176 184 185 186 194 195 197 
30 2 3 10 28 29 30 31 42 48 57 74 84 85 91 92 98 106 118 121 141 153 156 165 174 176 182 187 194 195 197 
24 6 17 21 22 24 26 27 56 60 63 65 73 75 93 101 108 125 131 139 146 159 164 166 175 
33 5 8 14 25 33 41 45 46 58 59 71 72 76 90 96 109 111 119 120 126 127 128 133 134 137 145 154 170 178 189 191 193 196 
26 5 25 33 41 46 59 70 72 76 77 90 96 113 119 124 127 133 134 135 145 152 154 170 178 189 196 
26 4 8 25 33 45 46 51 58 59 70 71 76 109 111 113 119 123 127 135 137 170 178 189 191 193 196 
22 13 22 27 38 53 56 64 65 69 75 81 100 108 110 125 129 131 132 139 146 164 167 
30 10 19 23 29 42 48 49 57 67 68 84 85 86 89 92 104 106 118 144 153 155 156 165 174 176 182 186 194 195 197 
34 6 13 17 21 22 24 27 37 40 52 54 56 60 64 69 73 81 82 100 101 108 110 125 129 131 132 146 159 160 162 166 167 175 199 
23 5 33 41 51 70 71 72 77 96 109 111 113 120 123 124 128 134 154 170 189 191 193 196 
27 4 5 7 8 14 33 46 59 71 76 96 109 111 119 123 126 127 128 134 135 137 145 154 170 178 189 193 
24 13 21 22 27 38 40 54 56 60 64 65 82 100 110 125 129 132 139 146 159 162 164 166 167 
36 12 18 34 35 36 47 50 55 80 83 87 88 94 97 99 102 103 105 112 114 115 117 122 130 138 142 143 148 150 151 158 171 177 179 180 192 
36 9 11 18 32 35 50 55 61 62 79 83 87 94 97 114 115 116 117 130 136 138 142 143 147 148 151 158 171 173 180 181 188 190 192 198 200 
29 13 17 21 22 26 27 37 38 40 53 54 64 73 75 82 93 101 110 125 139 146 159 160 161 162 164 167 175 199 
25 6 13 17 21 40 52 54 64 65 75 78 81 93 101 108 110 125 139 160 162 164 166 167 175 199 
37 1 9 11 34 35 36 43 44 47 55 61 79 80 87 94 102 103 105 107 115 117 130 136 138 143 147 148 149 151 180 181 183 188 190 192 198 200 
32 3 15 19 23 28 30 39 48 49 67 68 74 85 86 89 91 92 95 98 104 140 144 155 156 163 165 174 186 187 194 195 197 
27 10 15 23 28 29 39 48 68 74 84 86 89 92 104 106 118 121 140 155 156 163 165 176 182 186 187 195 
30 3 15 19 23 28 29 31 42 48 49 67 74 84 85 91 98 104 121 140 141 153 155 165 168 174 186 187 194 195 197 
39 1 9 11 12 18 20 34 35 43 50 55 62 79 80 83 94 99 102 103 105 107 112 114 116 122 136 138 142 148 151 157 171 173 179 181 188 192 198 200 
34 1 12 18 20 32 35 43 44 47 50 62 66 79 97 99 102 103 105 107 112 114 122 130 142 147 150 151 158 171 179 180 181 188 198 
31 2 10 15 16 23 28 39 42 49 57 67 74 84 85 92 95 104 118 140 144 153 168 169 172 174 176 182 184 185 186 195 
22 4 7 14 33 45 58 59 70 71 111 113 123 124 126 128 134 152 170 178 189 191 193 
37 2 3 10 16 19 23 28 29 31 39 42 49 57 67 68 84 86 92 95 98 104 106 121 140 141 144 153 163 168 172 174 176 182 184 194 195 197 
31 10 16 28 29 31 39 48 67 68 74 84 85 89 91 95 98 104 106 121 144 153 156 163 168 172 174 176 182 184 186 195 
24 6 21 27 37 40 52 53 54 65 69 81 82 100 108 125 129 131 132 139 159 161 162 166 175 
34 9 18 32 35 36 43 47 55 66 79 80 83 87 99 103 105 107 112 115 117 122 143 147 150 157 158 171 173 179 188 190 192 198 200 
30 2 10 19 23 28 30 31 49 67 84 89 91 92 98 118 121 140 153 156 163 165 168 169 172 174 182 184 185 194 197 
25 4 7 46 51 58 59 70 71 76 77 109 111 113 120 124 126 134 145 152 154 170 189 191 193 196 
25 12 20 32 34 35 36 44 47 79 80 88 102 103 105 112 122 138 143 148 151 158 171 179 188 200 
29 2 3 23 28 31 39 42 57 67 68 84 86 91 92 95 106 118 121 141 144 153 155 156 174 176 184 185 186 187 
40 11 18 20 32 34 35 36 50 55 79 87 88 94 103 105 107 112 114 115 116 117 130 136 138 143 147 148 149 150 151 157 158 173 179 180 181 183 190 192 200 
22 6 21 26 52 53 54 65 73 75 78 93 101 110 129 146 159 160 161 162 164 175 199 
24 6 21 24 37 38 40 52 54 56 60 63 64 65 69 75 81 82 100 129 131 160 164 167 199 
39 9 12 18 20 34 35 36 50 61 79 83 87 88 97 105 107 112 114 115 116 117 136 143 148 150 151 157 158 171 173 177 179 180 181 183 188 190 192 200 
43 1 9 11 12 32 35 36 47 50 55 62 66 79 83 87 88 94 97 99 105 114 116 117 122 130 136 142 143 147 148 149 150 158 171 177 179 180 181 183 188 192 198 200 
32 2 3 15 19 23 28 30 42 49 57 67 74 84 85 86 89 91 92 106 118 121 144 153 163 168 169 172 174 176 186 194 195 
33 1 9 12 18 20 32 47 61 62 66 79 83 87 88 94 97 99 102 103 112 115 130 138 143 147 148 157 158 177 179 188 190 200 
32 3 19 23 28 30 31 39 42 48 49 57 68 74 85 91 92 98 104 118 121 141 144 153 163 168 169 172 176 182 185 187 195 
34 1 9 11 12 20 32 34 36 44 50 55 62 83 87 88 94 99 102 117 122 130 136 138 143 151 158 173 177 179 180 181 183 192 198 
30 6 13 21 22 24 26 27 37 40 52 53 54 56 60 64 69 73 75 82 93 110 125 129 131 146 160 162 167 175 199 
32 7 8 14 25 33 41 46 51 58 59 70 72 76 77 96 111 113 119 120 124 126 127 128 133 134 135 137 152 178 189 193 196 
29 13 21 22 24 26 27 37 38 52 60 64 73 75 78 81 82 100 108 125 129 131 159 161 162 164 166 167 175 199 
24 5 8 33 41 45 46 51 70 72 76 77 90 96 109 119 120 124 127 137 152 170 178 193 196 
36 18 20 32 34 36 44 47 50 62 66 79 87 88 94 97 99 102 105 114 115 116 117 130 138 142 148 149 150 151 157 158 171 181 183 190 198 
27 4 5 7 25 45 51 58 71 72 76 90 96 109 119 120 123 126 127 128 133 135 145 152 170 191 193 196 
40 12 18 35 36 44 47 50 55 66 79 80 87 88 99 102 103 112 115 116 117 130 136 142 143 147 148 149 150 151 157 158 171 173 179 180 181 183 188 192 198 
35 1 9 11 12 18 32 44 61 66 79 80 83 94 99 102 105 112 114 116 117 130 138 142 143 147 148 151 171 179 180 181 190 192 198 200 
37 1 9 12 18 20 34 36 43 44 50 55 61 62 66 80 87 99 102 103 112 114 115 122 130 136 142 147 148 151 173 177 181 183 188 190 198 200 
33 9 11 18 32 34 35 44 47 50 79 80 83 94 99 102 103 107 112 114 115 122 143 149 151 158 171 173 177 179 183 190 192 198 
30 2 3 10 15 16 19 30 42 48 67 68 74 85 89 95 98 104 106 140 153 156 165 168 169 174 184 186 187 195 197 
26 4 5 7 45 46 58 70 71 72 77 109 111 113 127 133 134 135 137 152 154 170 178 189 191 193 196 
25 4 5 8 14 45 58 70 76 96 109 111 113 124 126 128 133 134 135 137 145 152 154 178 189 196 
26 2 10 15 16 19 29 30 31 39 42 57 68 85 86 91 92 95 98 104 106 153 155 165 174 184 194 
32 11 12 20 32 36 43 44 47 50 55 61 62 79 87 88 94 97 103 107 116 117 136 143 148 150 157 171 179 180 183 188 192 
22 8 33 41 45 46 51 59 72 76 77 90 113 124 127 128 145 170 178 189 191 193 196 
26 4 5 7 8 25 33 41 46 71 76 90 96 109 111 120 123 127 128 133 145 152 154 170 189 191 196 
30 6 13 17 22 27 37 38 40 53 56 60 63 64 69 73 75 78 81 82 93 108 110 139 146 159 160 161 162 164 167 
27 4 7 25 33 41 45 51 59 70 77 90 96 109 113 120 128 133 134 135 137 145 152 154 170 178 191 193 
22 5 8 14 25 33 58 59 70 71 72 77 109 111 113 119 123 124 133 134 170 189 196 
30 5 8 14 25 33 41 45 58 59 70 76 77 90 109 113 120 123 124 126 133 135 137 145 152 154 170 178 189 193 196 
22 6 17 22 24 26 38 52 63 73 75 78 93 100 101 108 110 139 146 160 164 166 167 
40 1 11 18 32 34 36 43 44 47 55 61 62 66 79 80 83 88 99 103 105 107 112 114 115 116 136 142 143 151 157 158 171 173 177 181 183 190 192 198 200 
26 6 13 24 26 27 37 53 56 60 63 69 73 75 93 101 108 110 132 139 159 160 161 162 164 167 199 
27 6 13 17 21 22 24 26 37 38 52 53 54 56 60 65 73 75 78 93 131 139 146 160 161 162 166 167 
23 5 8 33 41 46 51 70 71 109 113 119 120 124 126 127 128 135 137 152 154 170 178 191 
28 5 14 25 33 45 46 51 58 59 70 71 76 77 90 96 109 119 120 126 127 137 145 152 154 170 178 193 196 
25 4 7 8 14 25 41 46 51 59 71 72 77 109 113 119 120 126 128 133 137 154 170 178 189 193 
32 9 20 32 35 44 61 80 83 87 99 102 103 107 114 116 122 130 142 143 147 148 149 150 171 173 177 180 181 183 188 192 198 
28 4 7 14 25 33 41 45 46 58 59 70 72 77 109 111 119 120 126 128 133 134 135 145 152 170 178 191 196 
36 1 9 11 18 20 34 36 43 55 66 79 80 83 87 97 99 105 107 112 115 143 147 148 149 157 158 171 173 179 180 181 183 188 192 198 200 
29 6 17 21 24 26 37 38 40 52 53 56 64 69 73 78 81 82 93 125 129 131 132 146 159 160 161 162 167 199 
35 2 3 10 15 16 19 29 30 31 39 49 57 84 85 86 89 91 95 118 141 144 153 156 163 165 172 174 176 182 185 186 187 194 195 197 
25 2 3 10 15 16 28 29 48 67 68 86 91 98 106 140 156 163 165 172 176 184 186 187 195 197 
40 1 11 18 20 32 34 36 43 44 47 50 55 66 79 80 87 88 103 112 114 115 116 130 136 143 147 150 151 157 158 171 177 179 180 183 188 190 192 198 200 
42 1 18 20 32 35 36 44 50 55 62 66 79 80 83 94 97 99 102 103 105 107 114 115 117 122 130 136 138 142 147 148 149 151 157 171 177 181 183 188 190 192 198 
34 2 3 10 15 16 28 29 30 39 42 48 67 74 84 89 91 92 98 104 106 140 155 156 163 165 168 169 174 176 182 184 186 187 194 
28 4 7 8 14 25 33 41 45 46 51 58 59 70 71 77 96 113 120 123 124 126 128 134 137 152 154 193 196 
27 6 21 22 24 26 27 37 38 63 64 65 69 73 75 78 81 100 108 125 129 132 139 161 162 166 167 199 
35 1 9 20 35 43 47 50 55 62 80 83 88 94 99 103 105 114 115 116 136 138 142 143 149 150 171 177 179 180 181 183 190 192 198 200 
40 11 18 20 32 35 36 43 44 47 55 66 79 80 83 87 97 99 102 103 105 112 114 115 116 122 136 138 143 157 158 171 173 177 179 180 181 183 188 190 192 
28 1 9 11 12 34 43 47 55 62 66 83 99 103 112 114 117 136 138 143 147 151 171 177 179 180 181 198 200 
31 9 11 12 20 35 36 44 47 62 79 88 94 99 102 103 112 114 122 136 142 147 157 158 171 177 179 181 183 188 198 200 
35 9 11 18 34 35 50 55 66 79 80 83 87 88 97 99 102 107 112 114 115 116 117 130 142 143 149 157 158 171 173 177 179 180 190 198 
24 5 7 8 14 41 45 51 58 71 90 96 109 111 113 119 120 124 126 128 133 134 137 145 193 
38 15 19 23 28 29 30 31 39 42 48 57 67 68 74 86 89 91 92 95 98 104 106 118 121 140 155 156 163 165 168 169 174 182 185 186 187 194 197 
22 8 25 33 41 45 58 59 70 71 76 77 96 119 120 124 126 128 133 134 135 145 170 
24 3 15 16 19 23 30 39 49 67 74 84 85 86 98 121 144 153 156 165 169 172 184 187 195 
35 3 16 19 23 28 29 30 39 42 49 68 74 84 85 92 95 98 118 140 141 144 153 155 165 168 169 172 174 176 182 184 185 187 194 195 
32 1 32 34 36 43 44 47 50 62 87 94 99 102 105 112 114 122 130 138 142 143 148 150 151 158 171 173 179 181 183 188 198 
36 1 9 12 20 35 36 50 55 61 62 79 80 88 94 97 99 102 103 105 107 112 114 117 130 138 142 148 150 151 157 179 180 181 188 190 192 
25 13 17 22 24 26 27 37 53 60 65 69 75 78 81 93 100 110 125 131 139 161 162 166 167 175 
24 17 21 22 38 52 53 60 63 64 65 75 81 82 100 101 108 125 129 131 132 139 164 166 167 
21 6 17 22 24 40 53 65 81 93 100 110 125 131 132 139 146 159 162 166 175 199 
32 6 13 17 21 24 26 27 38 40 52 56 60 64 75 78 81 82 93 100 108 110 125 131 132 139 146 159 161 164 166 175 199 
28 2 16 19 23 30 39 48 67 84 85 91 92 95 104 106 140 141 144 153 165 172 174 176 182 184 185 195 197 
28 13 17 21 24 26 37 38 40 52 53 54 60 63 64 69 73 78 81 82 100 101 110 125 129 131 160 162 167 
35 15 16 19 23 28 29 30 31 39 48 49 57 67 68 74 84 85 86 95 118 121 140 141 144 153 155 156 163 169 174 182 184 185 195 197 
24 13 17 27 37 40 52 53 56 63 65 69 75 78 82 93 110 129 132 146 159 160 161 162 199 
30 6 22 24 26 27 37 38 52 54 56 60 65 73 75 78 81 82 101 108 110 125 129 131 132 139 146 159 160 164 175 
31 2 3 10 15 19 29 39 42 67 86 89 91 92 95 104 106 118 144 153 156 169 172 174 176 182 184 185 186 187 195 197 
25 3 19 23 28 30 31 39 42 57 89 95 104 106 118 144 153 155 156 165 168 184 185 186 194 197 
31 4 5 8 14 33 41 45 51 70 71 72 76 77 90 96 111 113 119 123 124 126 127 128 133 134 135 137 154 178 189 191 
40 20 34 36 50 55 61 79 80 87 88 94 97 102 103 112 114 115 117 122 130 136 138 142 143 147 148 149 150 151 157 173 177 179 180 181 188 190 192 198 200 
27 10 15 16 29 31 42 48 49 57 67 89 91 92 95 104 106 140 141 155 156 163 168 174 176 186 195 197 
34 9 11 12 18 20 32 34 35 36 43 44 47 55 61 62 66 80 87 94 99 102 107 114 116 117 130 136 138 148 151 157 171 181 192 
31 3 10 16 30 39 49 68 74 84 86 89 91 92 95 98 104 118 121 140 144 153 156 163 165 168 172 182 187 194 195 197 
27 6 17 21 24 26 27 37 38 52 53 54 56 60 63 69 75 81 82 93 100 108 110 159 161 162 167 199 
30 15 19 28 29 30 31 39 48 49 67 68 74 85 89 91 92 98 104 106 140 141 144 156 163 168 172 186 187 194 197 
31 18 34 35 36 43 44 47 50 55 79 102 103 105 107 116 117 130 136 142 143 147 148 149 150 151 171 179 180 181 198 200 
25 5 7 8 45 46 58 59 70 71 72 77 90 109 111 119 120 123 126 128 133 134 135 137 170 191 
40 1 9 11 18 20 32 35 36 43 44 55 79 87 88 94 97 99 102 103 105 107 114 115 117 122 138 142 147 148 149 150 151 157 158 171 177 180 181 183 190 
40 1 11 18 20 32 34 35 36 44 47 50 62 66 79 80 83 88 99 102 103 107 114 115 122 136 138 142 147 148 149 151 158 171 177 179 181 188 190 192 198 
42 1 9 12 18 20 32 35 36 44 55 62 66 80 83 87 88 99 102 103 107 112 114 115 116 130 136 138 143 147 148 149 150 157 158 171 173 177 179 180 183 188 192 
31 10 15 19 29 30 39 42 48 49 57 68 74 85 89 91 92 95 106 140 144 153 156 163 165 168 174 185 186 194 195 197 
32 9 32 35 43 44 55 61 62 83 99 102 103 107 112 114 116 117 122 130 136 138 142 143 147 148 150 157 179 181 188 192 198 
27 3 15 19 28 42 48 49 67 89 91 92 95 98 118 121 141 144 155 156 163 165 168 169 185 187 194 197 
26 2 3 15 23 28 39 42 48 49 57 67 89 95 98 106 140 153 156 163 165 168 169 182 184 194 195 
30 2 3 10 23 28 29 30 31 42 67 74 84 85 86 89 92 98 104 118 140 141 144 153 168 169 172 176 182 195 197 
31 2 3 10 15 16 19 23 29 30 48 49 57 68 84 85 86 98 106 118 140 141 144 153 155 156 168 174 176 184 195 197 
38 9 11 32 34 36 43 44 50 61 62 66 80 83 87 88 94 97 102 103 105 114 116 122 136 138 142 143 148 150 157 158 171 180 181 183 190 192 198 
27 5 7 14 25 41 45 51 59 70 71 72 76 77 90 96 109 119 120 123 124 127 128 135 170 191 193 196 
30 1 9 20 32 35 43 44 55 66 80 83 94 99 102 105 112 115 116 117 130 142 143 147 148 151 158 171 179 180 188 
27 5 7 8 14 25 33 41 45 46 58 59 70 72 76 90 96 113 119 123 124 126 133 137 170 178 189 196 
37 1 11 12 18 34 36 44 47 62 66 79 80 83 87 94 99 102 103 107 114 115 117 122 130 136 138 142 143 147 148 158 171 173 180 181 183 188 
28 4 5 14 25 33 41 45 51 58 70 72 76 77 90 96 109 111 113 119 123 126 128 134 135 145 152 189 196 
31 3 16 19 23 28 29 31 39 48 49 57 67 68 74 84 86 91 95 104 121 140 144 153 156 169 174 176 182 184 185 197 
37 3 10 16 19 23 28 29 30 31 39 48 49 67 68 74 84 85 86 89 91 92 104 106 118 140 141 155 156 163 165 168 172 174 182 185 186 187 
29 5 14 33 41 45 46 51 58 59 70 71 72 76 96 109 111 113 119 120 123 124 127 128 134 137 145 189 191 193 
31 3 10 19 28 29 30 42 48 67 68 74 84 86 91 95 118 140 141 153 163 165 168 169 172 174 176 182 184 186 187 194 
36 9 11 12 20 35 36 44 47 50 80 83 87 88 94 103 107 112 114 115 116 117 130 136 138 142 143 147 149 150 151 157 171 177 180 183 188 
22 6 21 22 26 27 37 53 56 75 81 82 100 101 108 110 131 139 146 161 162 166 175 
29 9 20 32 34 35 36 44 50 55 66 80 83 87 94 97 99 102 103 105 115 116 130 138 142 147 149 150 171 177 
