400
30 6 17 43 59 76 87 98 101 113 115 153 186 191 207 227 255 256 270 276 277 294 296 302 314 340 348 367 369 382 383 
26 5 38 54 102 105 114 118 130 138 144 184 202 209 218 241 266 283 313 315 318 326 333 371 374 380 394 
31 13 18 50 52 55 73 75 103 109 146 152 162 180 192 208 212 214 243 250 259 267 269 274 288 289 309 312 334 346 372 395 
24 14 15 33 60 64 83 95 149 161 170 173 176 183 204 222 246 257 258 272 332 339 360 363 378 
25 2 12 42 54 68 71 89 94 99 112 117 118 121 130 138 184 234 252 303 318 319 326 380 394 398 
30 1 28 43 56 66 76 98 107 113 122 124 133 186 206 227 240 255 261 275 284 294 296 297 302 314 367 368 381 382 390 
26 10 26 34 47 81 87 107 133 155 158 194 217 219 227 229 240 256 270 277 294 297 314 340 342 364 367 
24 9 23 61 92 106 128 129 131 145 160 174 182 216 224 225 247 253 260 291 320 324 330 331 358 
17 8 37 62 67 82 127 236 262 273 278 282 291 322 323 327 330 338 
25 7 24 46 59 66 76 87 107 115 124 139 167 206 219 275 297 302 308 317 341 343 357 368 369 390 
30 23 30 40 67 123 127 143 156 174 201 215 224 228 236 247 260 262 268 273 278 282 291 306 322 323 330 338 349 358 384 
22 5 35 94 99 102 110 121 138 184 197 218 234 281 283 285 290 292 300 301 333 347 380 
31 3 44 55 75 84 86 96 119 142 146 162 188 198 205 208 210 223 250 287 288 305 309 321 325 328 345 362 370 385 388 395 
29 4 41 64 65 72 83 93 116 141 154 168 170 173 181 185 189 204 230 251 257 265 293 329 350 359 360 373 375 378 
23 4 33 60 63 64 65 72 95 151 171 183 195 204 213 242 246 257 304 310 350 375 378 396 
26 86 96 103 120 146 152 177 193 198 205 212 214 232 263 295 298 305 311 336 345 346 356 361 370 385 387 
30 1 36 45 47 59 76 81 90 91 113 124 139 147 155 211 229 255 256 277 280 284 297 302 314 317 335 340 342 343 366 
24 3 20 96 97 103 152 177 192 193 198 205 232 243 245 249 267 287 288 298 305 312 321 325 355 
20 63 93 95 136 149 151 168 171 181 185 230 265 293 329 339 350 363 375 376 396 
29 18 32 44 52 55 58 75 84 96 97 103 109 142 148 152 205 210 214 264 269 274 288 289 305 321 345 370 385 395 
18 35 42 53 68 70 99 105 110 118 121 138 159 299 313 315 371 374 379 
20 33 83 126 136 141 149 170 171 173 183 189 195 235 242 248 293 337 339 376 400 
23 8 11 37 40 78 104 131 132 143 150 165 182 216 253 260 262 268 271 286 331 338 352 386 
32 10 26 28 36 45 46 56 66 76 90 98 101 107 113 122 139 153 158 206 211 217 219 229 240 276 302 308 335 340 341 342 366 
20 35 39 54 69 71 89 99 117 121 157 197 233 241 281 285 292 303 316 319 398 
32 7 24 34 36 46 56 87 101 107 122 133 155 167 186 194 217 219 227 255 261 276 277 284 297 302 308 314 348 357 367 381 382 
21 83 95 136 141 149 151 168 183 189 222 231 235 265 272 304 332 337 344 350 375 378 
29 6 24 36 46 66 87 90 98 107 122 133 155 158 167 191 211 217 219 229 240 270 294 297 308 335 340 368 369 382 
21 38 53 71 80 89 114 125 138 164 234 281 290 300 303 315 326 354 380 389 391 397 
29 11 37 40 49 51 67 74 82 106 150 156 169 182 201 224 225 236 253 262 271 278 282 291 306 331 338 351 358 386 
25 41 64 72 116 149 168 171 175 176 179 185 195 213 246 257 272 293 310 329 332 344 350 360 373 376 
25 20 50 73 96 100 103 177 180 190 198 205 214 254 269 274 289 295 321 325 346 361 362 372 385 388 
21 4 15 22 64 95 126 134 141 170 171 175 179 183 195 199 231 248 293 332 339 400 
35 7 26 43 47 59 81 87 98 107 113 115 167 186 206 207 211 227 229 240 255 256 270 284 294 297 302 307 341 342 364 367 368 369 381 382 
27 12 21 25 42 54 68 69 110 112 121 130 159 202 209 234 241 244 266 281 283 292 299 303 353 374 391 394 
20 17 24 26 28 43 56 59 91 115 158 186 206 226 270 284 296 307 341 342 366 
28 9 23 30 40 48 49 67 77 104 127 129 160 163 174 196 200 201 225 262 268 271 282 291 322 351 352 386 399 
24 2 29 80 88 99 102 110 118 121 125 144 159 184 209 266 292 299 300 301 326 347 380 389 394 
21 25 54 68 69 85 88 89 105 110 112 117 138 144 209 218 233 313 316 319 326 354 
26 11 23 30 37 49 61 67 78 92 104 106 111 129 131 143 182 200 224 236 247 260 320 324 327 331 399 
18 14 31 63 64 72 83 149 171 231 235 248 265 272 304 310 344 373 393 
21 5 21 35 70 89 112 118 125 144 166 202 233 252 292 300 301 313 319 347 371 397 
21 1 6 34 36 76 81 91 107 155 206 217 229 261 275 277 302 314 335 343 366 367 
28 13 20 52 57 73 75 97 119 120 172 192 193 214 223 232 238 239 264 305 311 321 334 361 370 372 385 388 395 
30 17 24 46 56 76 81 90 91 101 107 113 115 194 211 226 227 256 261 275 276 280 302 308 340 341 343 364 367 368 381 
20 10 24 26 28 45 59 76 98 113 115 124 133 158 211 297 341 364 366 382 390 
25 7 17 34 59 113 122 153 155 158 194 206 217 219 227 237 261 277 280 284 296 348 364 367 369 390 
12 37 74 128 129 143 145 178 327 330 338 349 358 
24 30 37 40 61 62 67 77 82 104 106 123 128 156 163 165 169 178 221 236 273 338 352 358 399 
25 3 32 55 58 75 96 109 119 148 187 193 208 214 223 254 259 267 269 289 312 346 362 365 370 385 
25 30 111 123 127 143 145 150 163 174 182 196 201 216 224 225 236 253 260 271 282 286 291 384 386 399 
22 3 20 44 57 79 86 100 103 119 120 162 180 205 239 245 264 274 328 346 365 372 387 
18 21 29 68 89 94 102 117 138 184 233 252 266 281 290 301 377 380 398 
25 2 5 25 35 39 68 80 99 102 112 114 117 118 125 197 202 283 303 313 315 318 333 347 371 398 
27 3 13 20 50 86 100 103 119 120 142 146 152 192 205 210 223 232 245 249 250 312 328 355 361 370 385 387 
29 6 24 26 36 45 59 76 81 91 113 122 147 191 206 217 219 227 255 270 277 302 308 314 340 348 369 382 383 390 
31 44 52 75 96 142 162 172 177 180 190 192 205 208 212 214 223 250 259 263 264 287 295 298 309 321 325 345 346 355 356 387 
27 20 50 73 75 96 119 120 142 152 180 190 192 208 214 243 249 250 254 259 288 295 309 311 312 334 356 388 
26 1 10 17 34 36 46 47 56 87 107 115 139 147 158 256 270 276 280 302 335 340 341 348 364 368 390 
27 4 15 72 95 126 134 149 151 154 170 171 183 185 195 199 213 231 257 265 310 344 350 359 376 378 393 400 
28 8 40 49 67 78 82 104 123 128 129 132 145 160 200 228 253 260 262 271 278 286 306 320 322 327 330 338 386 
16 9 49 77 127 129 145 160 182 228 286 306 330 349 352 386 399 
21 15 19 41 64 95 116 149 161 168 179 181 230 231 265 310 344 350 375 376 393 396 
28 4 14 15 31 33 41 63 72 116 136 161 175 181 183 195 199 204 222 235 242 251 265 272 293 304 332 337 373 
20 14 15 126 135 137 151 171 181 185 199 213 231 246 248 265 272 344 359 363 375 
18 6 10 24 28 91 98 101 124 139 217 219 229 261 297 317 335 366 367 
25 9 11 30 37 40 49 61 74 78 106 129 156 160 174 178 182 203 236 282 286 291 306 320 323 330 
31 5 21 35 39 53 54 105 110 114 118 121 157 184 202 218 233 234 266 281 292 301 313 318 326 333 347 371 374 379 380 397 
22 25 35 39 85 88 110 114 121 144 164 166 197 218 234 244 266 283 292 301 319 391 398 
30 21 42 85 88 94 110 114 118 125 130 164 184 197 218 233 281 285 290 292 299 303 313 315 326 347 371 380 391 394 397 
24 5 25 29 99 102 112 114 140 157 159 184 218 285 300 301 315 316 318 354 374 377 391 394 398 
28 14 15 31 41 60 64 83 93 95 108 116 137 149 154 181 189 220 230 231 235 257 310 329 332 344 360 376 393 
26 3 32 44 58 84 100 120 146 152 162 172 188 190 198 205 210 250 254 259 279 325 346 355 356 372 395 
25 30 48 67 92 111 129 143 145 150 178 196 224 225 236 253 260 262 271 278 282 291 322 324 327 349 
36 3 13 20 44 50 57 58 84 97 109 120 152 162 180 205 208 210 238 239 250 259 263 264 269 274 287 289 305 328 334 345 356 361 388 392 395 
29 1 6 10 17 24 43 45 46 56 87 91 122 139 147 158 186 194 261 275 280 297 307 314 317 335 342 357 381 390 
19 37 49 62 106 111 123 128 143 196 236 247 268 320 324 330 331 351 352 384 
24 23 40 61 67 111 131 143 150 160 163 182 196 247 260 268 271 320 323 330 338 352 384 386 399 
24 52 97 119 177 198 205 210 243 254 263 267 279 288 289 298 309 311 321 325 345 355 361 387 388 
27 29 38 54 89 94 102 117 125 138 157 159 184 209 218 233 234 244 266 301 313 316 353 354 371 374 379 394 
20 7 17 34 43 45 56 91 98 115 122 153 155 194 277 280 296 307 364 366 390 
25 9 30 49 61 92 123 131 143 165 169 174 182 196 203 215 224 228 260 286 320 322 327 331 338 351 
26 4 14 22 27 41 72 93 108 137 151 168 175 213 222 231 242 248 251 258 293 304 337 344 359 393 400 
24 13 20 73 75 103 148 162 198 214 232 245 250 274 279 288 298 311 325 328 356 362 365 387 395 
23 39 69 70 94 105 112 121 130 144 164 266 281 283 301 318 319 333 354 379 389 391 394 398 
21 13 16 52 55 103 119 172 187 205 210 232 238 263 269 287 295 309 334 365 372 392 
29 1 7 10 26 28 34 59 76 98 113 124 139 147 186 211 227 256 261 270 284 302 308 317 342 343 348 364 366 369 
27 38 39 69 70 89 118 130 184 197 218 281 283 285 292 300 303 315 318 319 333 353 354 377 379 380 389 398 
25 5 25 29 39 42 53 80 88 102 112 117 118 125 157 233 292 301 303 313 315 319 326 379 391 398 
22 17 24 28 45 91 98 101 122 124 153 217 219 226 229 240 275 284 314 357 367 368 390 
30 17 36 43 45 56 66 76 81 90 147 158 167 186 191 194 207 219 237 256 261 276 280 296 302 307 317 335 341 342 390 
21 8 40 74 82 131 132 143 169 174 200 215 221 224 236 253 260 262 324 330 338 358 
23 14 19 72 83 116 135 137 151 183 199 204 231 235 248 310 329 344 350 363 375 378 396 400 
24 5 12 53 70 80 85 102 112 117 144 184 197 209 233 281 283 285 299 315 316 318 333 371 380 
22 4 15 19 27 33 60 63 72 135 137 173 181 183 185 199 204 242 248 257 272 350 373 
35 13 16 18 20 32 50 57 58 97 103 119 120 142 146 162 172 187 188 214 238 243 254 259 267 298 305 321 325 334 345 355 356 362 370 388 
28 18 20 44 75 79 96 180 205 212 223 232 249 263 287 288 289 295 305 309 325 345 346 356 362 365 385 387 388 
28 1 6 24 28 34 46 66 81 87 90 113 122 139 147 186 191 219 226 237 270 276 296 335 343 364 366 367 383 
24 5 12 21 25 38 54 71 112 138 140 157 184 209 244 283 290 299 315 316 318 319 353 374 394 
25 32 52 55 73 142 162 172 177 187 193 198 208 212 243 245 250 254 259 267 269 279 325 362 365 395 
28 1 24 26 45 66 90 113 115 133 158 186 206 211 217 226 255 270 277 284 314 317 335 340 341 357 366 367 390 
32 2 12 38 53 54 71 80 89 94 105 110 112 117 121 125 130 138 140 144 157 209 281 283 285 303 315 316 318 333 347 394 397 
24 3 16 18 20 32 52 55 84 86 96 162 187 190 210 232 245 249 279 287 334 365 385 388 395 
20 23 37 40 49 61 106 127 143 169 196 215 216 224 225 236 253 268 273 306 322 
20 2 21 39 68 85 102 117 159 166 197 209 252 283 303 315 333 377 379 380 397 
23 8 30 40 49 67 77 104 127 129 145 150 156 182 200 215 221 224 228 282 324 331 338 358 
28 6 7 10 24 26 28 34 43 45 59 122 124 133 191 194 211 217 219 226 240 270 275 294 340 342 343 364 390 
25 72 83 135 136 141 151 154 170 181 199 204 220 222 230 235 246 258 265 310 329 337 360 376 378 393 
31 3 20 50 75 120 146 148 162 180 188 198 208 212 223 232 243 245 250 267 287 289 295 312 325 361 362 370 385 387 388 395 
27 12 21 35 38 39 68 69 70 102 112 157 159 164 184 197 202 218 290 299 301 313 315 326 347 354 380 391 
23 40 51 74 77 78 128 156 160 163 165 169 174 200 203 224 225 247 271 291 322 323 331 358 
31 5 35 39 42 54 71 85 89 94 99 102 110 114 117 130 144 202 234 244 266 281 283 299 300 303 318 319 326 354 371 380 
30 1 6 17 24 34 45 46 47 56 87 98 101 122 153 167 191 194 206 207 211 219 229 276 284 294 297 314 357 369 383 
21 2 29 54 68 69 70 71 112 118 130 159 164 202 285 301 303 318 374 377 379 380 
24 1 10 34 36 45 46 59 81 101 133 217 226 227 255 275 280 296 297 302 314 348 366 367 381 
21 14 31 63 64 72 93 154 176 183 195 222 231 235 258 310 329 332 337 344 375 378 
27 5 25 39 53 54 80 89 94 102 105 112 118 138 159 184 197 209 233 290 300 303 319 333 379 391 394 397 
23 2 5 21 38 42 54 68 70 88 89 114 117 130 166 234 283 300 303 326 347 353 379 389 
30 13 44 50 52 55 58 79 86 96 152 177 187 193 205 208 232 269 279 289 298 311 325 328 334 346 356 362 370 385 388 
34 16 44 52 55 58 73 75 96 109 142 177 187 188 198 212 214 223 232 238 239 243 254 264 274 279 289 305 311 325 328 334 370 372 392 
24 5 12 21 25 35 38 68 69 85 102 164 166 202 209 233 234 292 303 315 333 353 371 389 394 
30 6 24 26 28 47 56 76 81 90 98 107 113 133 147 167 186 191 194 219 226 227 255 261 294 314 342 343 357 367 383 
26 11 49 51 61 77 82 129 131 132 160 163 169 182 200 228 236 247 260 282 291 322 324 327 330 358 386 
21 6 10 17 46 66 87 90 107 139 147 155 158 211 280 294 307 314 348 364 382 383 
23 29 38 42 54 70 80 89 102 159 184 218 234 244 281 290 303 313 316 333 354 371 374 377 
25 22 33 60 65 134 136 137 149 151 154 161 175 176 179 199 204 230 235 257 304 332 359 360 376 400 
25 9 11 37 51 62 104 106 143 165 169 178 182 200 203 224 253 260 262 271 278 282 306 338 352 384 
24 8 48 49 61 77 111 145 165 169 174 178 196 224 247 260 262 268 271 278 282 320 323 351 399 
37 8 37 40 48 61 62 67 74 106 123 131 132 145 150 156 160 163 165 169 178 200 201 203 216 247 253 260 271 273 282 286 306 324 331 352 358 384 
29 2 5 35 70 85 88 102 112 114 118 138 140 202 234 281 285 303 313 315 316 318 326 333 379 380 389 391 394 397 
22 8 23 40 78 82 92 123 129 132 143 145 160 182 216 228 247 271 278 282 351 386 399 
21 23 61 92 123 129 131 156 163 165 169 178 200 203 224 228 236 273 291 324 352 358 
30 6 7 26 28 46 101 107 115 122 155 158 207 217 219 227 237 240 255 261 270 275 280 296 297 314 317 348 364 366 369 
19 33 60 126 151 154 168 171 175 176 199 204 213 248 332 344 363 373 375 378 
18 65 93 95 108 183 185 213 230 231 246 248 265 310 344 359 373 393 396 
23 19 22 27 64 108 126 168 170 176 189 199 222 230 231 242 246 293 304 310 329 359 363 378 
23 65 72 83 93 95 126 151 168 173 175 183 185 189 195 204 222 230 231 258 265 376 393 396 
28 2 5 12 21 29 39 53 80 99 102 117 130 159 164 197 252 290 300 301 303 318 319 353 371 374 377 389 397 
32 10 17 24 59 66 76 87 98 124 147 155 158 167 206 211 227 229 261 270 277 280 284 294 297 302 307 314 317 342 343 368 390 
23 71 99 102 130 164 166 202 218 241 244 266 283 292 301 303 347 354 371 377 380 389 391 394 
20 14 22 27 33 108 154 161 168 173 175 181 189 235 251 257 329 376 393 396 400 
20 13 20 55 57 58 96 100 120 180 210 214 223 264 267 274 298 345 346 370 372 
27 11 23 40 48 51 74 77 78 82 92 104 127 131 145 156 169 178 182 216 224 228 236 247 278 291 322 324 
29 2 38 39 42 69 85 94 102 112 159 164 184 202 218 241 244 252 266 283 290 300 313 315 316 318 319 326 353 389 
33 8 48 51 61 62 74 106 128 129 131 143 160 163 182 196 221 224 225 228 236 253 262 268 273 286 291 306 320 323 338 352 384 386 
31 3 13 16 55 73 96 109 152 180 187 188 190 208 232 243 250 254 259 269 289 309 311 321 328 334 346 362 365 385 387 395 
22 17 56 59 76 87 91 98 122 124 139 153 167 191 194 277 294 297 317 335 364 368 390 
23 20 50 84 109 172 177 188 190 192 193 198 208 238 239 245 298 309 321 325 334 355 362 387 
30 4 19 22 27 31 41 60 63 72 126 154 168 170 173 175 176 183 189 204 235 246 251 293 329 332 337 344 363 375 396 
17 23 30 51 74 78 106 129 160 221 225 262 268 278 320 324 352 358 
28 15 19 27 60 65 83 93 108 126 134 137 168 173 175 189 195 230 235 248 251 293 310 329 344 359 360 363 400 
31 3 16 18 20 55 58 73 75 119 146 177 180 188 190 193 198 210 212 238 249 274 279 288 295 305 311 321 346 356 387 392 
20 1 24 47 81 90 113 147 167 186 207 229 255 261 294 302 314 357 364 366 390 
25 14 60 72 108 116 126 134 141 149 173 179 183 199 222 230 246 258 265 293 337 359 373 376 378 393 
26 7 17 26 28 43 47 81 124 133 139 167 207 211 219 226 240 308 314 340 341 342 364 366 368 369 381 
25 11 30 49 67 106 111 129 132 143 160 163 174 203 225 228 260 262 273 278 282 286 291 323 324 352 
22 25 68 71 80 89 99 102 110 164 202 266 292 299 300 303 318 319 326 353 389 394 398 
27 7 24 28 36 46 47 59 76 91 101 124 133 139 191 194 206 207 211 237 240 261 294 307 308 317 357 369 
26 21 35 38 71 80 105 110 114 117 125 138 144 202 209 234 252 266 281 300 303 313 316 333 377 391 394 
25 8 37 61 62 67 78 111 123 129 131 145 150 156 163 165 196 215 236 247 260 268 291 320 330 352 
17 4 63 64 126 141 168 170 204 231 242 248 337 363 373 378 393 396 
32 3 13 52 57 73 75 84 96 100 103 109 172 177 188 192 193 198 212 214 223 238 254 263 264 267 312 328 334 361 370 385 392 
25 37 49 51 78 111 123 129 132 145 156 160 169 182 196 201 216 221 224 236 247 253 273 291 327 331 
20 29 69 70 85 110 114 121 138 140 144 157 209 233 285 290 301 303 315 371 379 
18 23 49 82 111 127 128 129 132 160 178 225 262 291 306 322 324 331 338 
18 42 69 105 118 121 140 197 209 234 241 266 283 290 292 315 326 353 389 
22 10 26 28 34 91 113 122 139 147 153 155 194 211 217 226 227 229 314 317 369 383 390 
24 14 19 27 31 63 83 134 136 137 141 149 151 161 175 176 183 199 204 222 246 272 332 359 375 
26 30 49 82 92 104 111 123 127 128 129 132 143 163 182 200 221 236 262 271 286 306 320 331 349 358 384 
21 4 14 22 33 60 108 136 149 161 176 179 183 195 213 242 248 329 337 359 360 373 
23 15 19 22 31 33 41 60 65 134 175 181 183 185 189 195 199 242 246 293 304 329 332 363 
26 44 57 73 86 96 100 148 162 188 190 208 210 245 249 279 295 298 305 309 311 312 325 334 361 370 392 
21 4 14 22 95 137 141 149 151 154 176 242 258 293 304 337 350 360 376 378 396 400 
22 8 11 37 51 67 82 92 111 128 156 221 224 260 262 268 278 282 286 320 323 330 358 
29 31 33 64 83 126 134 137 141 149 151 168 171 176 181 189 199 231 235 248 257 258 304 332 337 339 360 375 393 396 
26 4 31 116 126 134 136 149 168 170 173 175 195 220 222 242 257 258 272 293 304 337 344 359 360 396 400 
33 16 18 32 57 79 100 119 120 148 152 162 188 190 198 208 232 245 249 254 263 287 289 305 312 321 336 345 346 355 356 361 372 388 
21 48 49 67 74 127 128 129 132 143 165 196 216 228 268 273 323 327 330 331 352 386 
17 31 33 63 126 154 170 189 220 230 246 257 310 329 339 350 360 375 
29 3 32 52 57 58 75 97 109 142 146 152 188 193 198 208 210 223 238 239 254 274 287 295 298 311 325 334 355 395 
25 14 19 63 64 65 72 95 108 141 171 175 185 222 230 235 242 246 258 265 332 373 378 393 396 400 
31 8 23 30 40 51 62 67 78 82 106 123 127 131 143 145 163 169 216 268 273 291 306 320 322 323 331 338 352 358 384 386 
25 4 15 22 27 33 60 64 93 95 116 135 137 149 154 168 170 171 204 213 220 242 257 350 363 373 
26 2 5 12 38 53 68 70 71 80 88 94 99 110 117 125 144 202 233 241 252 285 300 316 326 374 398 
22 14 19 31 60 65 95 135 137 171 181 195 213 230 246 258 265 310 332 344 363 373 376 
23 1 6 26 34 36 76 87 91 98 101 122 153 194 207 211 219 256 294 297 314 342 348 368 
24 50 86 96 100 103 119 120 146 190 192 193 198 208 223 287 309 311 312 336 346 355 361 362 385 
33 13 73 96 109 120 146 148 152 162 172 177 180 190 205 208 212 214 232 243 249 254 263 269 279 289 295 305 325 334 345 370 388 392 
20 14 22 27 72 136 137 141 149 151 171 175 179 231 235 248 257 310 332 363 400 
30 32 57 58 73 103 146 148 152 172 177 187 188 210 214 232 250 263 269 305 309 311 312 325 328 334 355 356 370 387 395 
22 1 28 56 91 98 107 113 122 147 158 194 211 226 227 255 297 340 348 366 367 381 390 
20 3 18 44 55 57 58 148 162 187 193 198 250 254 259 264 288 305 309 328 388 
33 16 18 44 50 100 119 148 152 162 180 187 192 198 214 232 238 250 259 263 264 274 289 305 312 325 328 334 336 355 372 385 387 392 
30 7 26 45 47 76 81 91 107 113 122 147 158 167 186 191 217 219 226 256 270 276 277 280 284 294 297 341 343 382 390 
26 15 22 31 33 60 64 116 137 151 170 171 176 185 199 204 220 222 230 251 257 265 293 304 310 396 400 
25 37 51 74 77 78 82 104 128 145 160 163 178 200 215 225 247 260 262 268 271 322 323 324 349 386 
21 12 25 54 69 70 88 94 105 110 117 138 166 218 244 252 266 281 290 315 316 353 
35 13 16 18 32 73 79 84 100 109 120 148 152 162 177 180 187 192 193 212 239 243 250 287 295 309 311 312 321 325 345 356 362 365 372 387 
25 33 60 64 65 93 95 108 126 134 136 154 168 171 175 195 230 246 251 258 272 350 376 378 396 400 
23 37 40 61 92 106 111 123 127 129 132 169 196 215 225 228 236 247 268 273 278 327 384 399 
16 11 30 37 51 129 163 225 228 260 273 282 286 331 338 349 351 
26 2 35 42 54 68 110 112 114 121 130 140 144 157 159 184 234 252 292 303 374 377 379 391 394 397 398 
20 67 82 111 127 129 132 156 228 260 262 282 286 306 324 330 349 351 352 358 399 
30 4 14 15 64 93 95 108 126 134 137 149 161 168 183 195 222 235 242 248 251 257 258 272 293 332 337 360 375 393 400 
26 13 16 18 20 32 52 55 57 73 75 79 86 97 119 188 243 250 263 264 267 274 287 298 312 356 372 
17 6 10 24 34 36 43 47 56 101 113 139 158 211 219 277 297 357 
21 1 34 91 113 133 153 155 158 186 229 255 261 277 294 340 343 364 366 368 382 383 
32 3 13 50 57 58 75 100 109 119 146 148 172 177 180 187 188 243 250 279 298 305 312 321 328 336 345 356 362 365 370 385 388 
23 2 35 38 39 80 94 99 102 105 117 121 159 164 166 218 252 283 285 300 316 326 371 379 
22 13 20 55 73 75 79 86 103 142 152 172 180 190 232 238 254 263 267 298 321 325 372 
27 17 24 28 34 45 46 87 101 107 113 124 139 155 158 167 186 191 206 219 229 237 256 275 296 381 382 383 
24 3 16 57 97 100 109 120 152 162 188 198 223 232 238 243 259 269 274 287 309 328 361 370 395 
25 15 31 60 65 83 134 135 170 183 185 220 230 231 242 246 310 332 337 339 344 359 360 375 378 400 
24 3 16 20 32 44 50 57 58 84 96 120 142 162 188 190 193 238 239 287 345 346 370 388 392 
15 11 82 92 104 106 160 196 200 236 286 306 331 338 349 351 
20 8 23 51 104 129 131 143 163 178 182 247 260 271 278 282 324 338 349 358 399 
31 7 24 26 28 43 47 56 66 90 101 107 115 133 167 194 229 237 240 276 284 297 307 317 340 342 343 357 364 367 382 390 
26 2 12 39 68 69 70 71 80 88 110 125 140 144 197 209 252 266 283 285 313 315 347 354 377 379 397 
32 7 10 24 26 28 47 56 66 90 91 98 107 113 122 133 155 186 194 206 211 227 240 261 270 276 284 302 314 341 348 364 383 
17 72 108 176 179 183 195 213 222 230 242 257 258 293 329 360 393 400 
14 49 92 106 145 150 163 169 174 236 247 260 306 324 351 
25 4 27 64 83 108 116 136 137 154 168 176 181 195 204 220 235 242 265 272 332 350 363 378 393 396 
24 13 44 50 55 57 97 109 120 142 162 180 187 212 232 238 259 267 287 309 334 336 345 356 365 
25 8 11 30 40 51 74 82 92 104 106 111 127 128 132 143 145 163 174 228 236 253 331 338 351 358 
26 8 30 37 51 74 104 111 145 150 156 165 196 200 201 247 253 260 278 286 323 324 327 338 352 358 399 
22 36 45 90 98 101 107 115 122 155 167 191 194 229 240 277 284 294 296 307 314 348 364 
31 1 6 7 26 34 45 47 56 87 115 122 133 139 167 191 219 229 237 256 270 277 280 296 307 314 340 348 364 366 367 369 
27 11 61 62 82 106 123 131 132 143 145 156 178 200 201 203 224 236 253 268 286 320 323 324 327 349 351 358 
25 7 17 24 28 34 43 66 90 113 139 153 167 207 211 217 226 227 255 275 277 302 307 317 335 390 
31 14 19 63 72 108 126 135 136 137 151 154 179 181 185 195 199 213 220 231 242 246 251 272 304 332 344 350 359 360 376 396 
26 27 33 41 60 63 65 72 83 93 116 135 136 137 161 175 189 213 230 235 304 310 329 332 344 378 396 
38 16 18 44 55 84 86 97 103 109 119 120 146 177 188 190 193 210 212 223 238 243 245 249 259 279 289 295 309 321 325 334 365 372 385 387 388 392 395 
24 25 39 42 53 68 70 80 89 94 117 121 164 184 283 285 315 316 319 347 353 371 374 389 391 
28 5 12 29 35 68 69 80 112 118 121 125 130 159 166 202 244 252 266 281 283 285 313 347 377 389 394 397 398 
25 22 27 41 64 72 93 108 116 126 141 149 151 175 181 189 204 222 231 246 265 329 360 378 393 396 
32 9 11 30 40 49 51 67 74 77 92 104 123 132 143 145 160 163 169 200 215 221 224 228 260 268 282 286 291 320 331 349 352 
19 47 91 98 133 158 211 217 227 240 256 270 284 307 308 314 340 366 367 382 
27 44 75 86 96 120 148 152 162 180 193 210 212 214 223 232 249 259 263 267 274 287 288 309 311 346 362 395 
20 44 52 75 120 148 180 198 214 243 254 288 289 295 305 309 336 355 356 370 392 
26 6 7 24 28 34 90 107 133 155 158 217 219 226 237 275 284 294 297 307 308 317 335 341 343 366 382 
16 2 25 35 140 144 166 184 244 266 283 285 290 303 377 380 397 
26 15 22 64 83 95 136 161 170 171 173 176 181 183 204 213 220 222 230 251 258 265 272 332 337 344 396 
33 3 18 58 79 96 100 109 120 146 188 198 205 208 212 232 239 245 250 254 259 263 279 287 295 298 311 321 325 345 355 361 392 395 
22 35 69 80 99 112 125 140 144 197 234 241 290 292 299 301 315 316 371 377 379 380 398 
30 18 52 55 84 100 103 109 148 172 177 232 243 264 267 274 279 287 295 298 309 311 312 321 336 346 361 362 365 370 392 
27 4 15 31 65 108 135 136 149 154 168 171 179 181 185 199 213 230 235 257 258 293 304 332 350 360 378 393 
29 8 11 40 77 78 111 123 128 129 131 143 160 163 196 200 216 221 225 253 260 268 324 330 331 349 351 352 384 399 
20 22 33 41 65 83 93 95 134 135 151 161 170 175 189 204 293 337 360 373 400 
25 18 55 58 97 103 152 172 177 188 232 238 254 267 274 279 287 288 312 336 355 361 362 370 387 388 
31 3 13 55 57 58 73 75 84 100 109 146 190 192 193 198 205 208 243 264 269 287 289 309 311 321 345 346 356 370 385 392 
15 14 64 83 141 149 151 195 199 204 230 242 257 337 360 363 
21 5 42 53 105 138 144 159 184 197 202 209 218 234 285 301 333 347 371 380 389 398 
19 8 23 30 51 61 74 92 104 127 129 145 163 224 225 228 247 331 352 386 
27 32 50 58 73 79 96 100 120 146 162 177 180 188 192 210 239 243 249 289 295 325 356 362 365 370 388 395 
23 1 6 17 26 34 56 101 115 122 133 153 191 207 229 256 284 296 302 307 314 342 364 383 
20 1 7 17 34 45 59 87 91 186 194 211 227 237 255 261 284 317 367 368 383 
25 4 14 15 31 60 72 95 126 141 175 176 179 183 189 195 204 220 246 251 265 293 329 332 339 396 
24 4 83 108 116 137 154 173 175 176 181 185 199 204 220 242 246 272 310 332 339 344 363 373 393 
29 3 50 57 58 73 75 96 100 146 192 193 212 223 232 238 243 264 269 274 289 298 309 325 336 362 370 372 392 395 
28 8 11 23 40 51 61 74 78 82 92 123 127 128 129 156 160 174 196 201 203 216 221 225 236 247 278 330 331 
29 6 26 43 45 47 66 76 87 91 122 133 139 153 158 207 219 256 275 296 297 307 308 314 340 348 357 366 368 383 
24 9 11 23 30 37 61 74 92 127 128 145 150 156 165 169 174 196 203 286 320 327 330 351 384 
25 16 57 75 79 86 97 162 177 188 190 193 205 210 238 243 267 287 295 298 305 312 336 361 370 387 
23 20 44 52 57 75 120 142 162 192 193 205 245 250 259 269 274 288 311 312 336 361 372 385 
22 14 19 27 41 60 63 64 65 108 135 137 154 181 185 195 222 235 242 257 293 363 373 
28 2 35 38 53 68 69 80 85 112 140 144 157 159 166 197 218 234 241 285 303 326 353 377 379 380 389 391 394 
27 3 18 50 79 96 100 109 142 162 205 210 223 238 245 249 263 274 279 295 305 311 312 328 334 355 361 362 
27 11 23 37 77 78 104 128 145 150 160 174 178 182 196 200 228 236 247 273 278 282 306 320 327 331 352 399 
21 3 20 32 50 75 86 100 119 146 188 190 212 250 259 264 274 287 321 325 346 395 
26 1 7 28 34 36 56 59 87 98 101 107 133 139 194 219 227 237 275 335 340 348 364 366 367 368 383 
25 23 30 37 51 61 74 78 111 127 128 129 131 169 196 216 273 291 320 323 324 338 351 352 358 386 
19 4 27 31 41 64 65 95 168 176 199 204 222 230 242 258 339 350 373 375 
20 9 11 49 104 129 132 145 156 163 178 182 200 201 268 271 278 320 322 324 327 
29 3 20 32 52 75 84 120 142 152 180 193 205 212 238 245 249 259 264 267 269 288 289 336 345 346 355 365 370 388 
24 6 10 43 45 76 90 107 115 133 211 229 240 261 270 277 280 296 307 308 317 341 364 369 383 
21 1 24 26 45 59 91 98 113 194 217 219 277 284 296 302 317 342 364 367 368 390 
28 1 7 17 26 43 47 56 81 101 139 147 194 206 207 226 227 229 275 276 294 296 307 308 314 317 357 364 366 
24 9 11 30 61 74 127 128 131 143 150 156 174 200 216 225 260 268 273 286 291 322 352 358 384 
21 73 79 84 100 103 119 120 152 172 188 208 232 243 245 249 267 289 298 312 370 395 
24 17 45 47 59 76 81 91 115 124 133 139 194 227 275 302 307 317 335 364 367 369 382 383 390 
21 12 25 29 35 53 68 70 85 88 94 102 112 125 130 159 197 234 285 347 353 379 
25 9 11 30 37 51 67 74 106 123 127 128 129 131 156 174 201 203 216 236 268 306 323 331 352 384 
28 2 12 35 54 69 85 88 94 99 102 105 112 118 140 144 166 209 218 233 234 241 290 300 313 318 326 353 389 
28 6 17 26 34 36 47 87 90 101 113 139 194 217 219 226 237 240 255 256 276 294 307 341 343 366 369 383 390 
32 12 25 70 71 88 94 102 114 130 164 184 209 218 233 234 241 252 266 281 299 303 319 326 353 354 371 374 377 379 380 394 398 
26 23 51 61 62 67 82 129 145 156 169 174 201 203 215 225 228 236 262 278 306 324 327 330 338 349 384 
30 13 18 57 75 86 97 103 109 177 180 187 198 205 212 214 223 238 243 245 249 250 263 269 288 289 305 328 362 387 388 
27 3 13 18 20 58 79 84 97 152 192 238 239 249 264 274 287 289 295 298 305 311 334 346 365 372 388 392 
34 3 20 32 50 75 79 97 109 119 120 146 177 188 193 232 239 250 254 259 274 279 287 288 295 298 305 309 311 334 345 365 372 385 388 
22 12 29 53 70 99 110 117 125 138 144 164 166 197 241 244 283 301 315 333 374 377 391 
29 8 9 11 30 37 51 67 74 111 123 132 143 145 156 160 163 165 182 236 271 278 322 323 331 349 352 358 384 399 
25 12 25 35 38 42 68 69 70 88 89 121 140 157 166 202 244 316 318 319 326 333 353 377 379 389 
25 14 19 22 31 33 64 83 136 149 151 154 171 173 176 195 204 220 246 248 257 265 332 350 393 396 
26 1 6 7 28 34 107 113 122 124 139 147 153 158 186 194 207 226 240 277 284 296 297 314 317 357 366 
31 16 32 57 58 86 97 109 152 172 180 188 198 232 239 243 245 254 263 267 288 289 298 305 309 312 321 325 336 355 387 392 
24 1 6 36 47 81 91 98 115 133 211 226 227 255 261 275 276 277 294 302 335 357 364 383 390 
30 6 7 10 17 26 28 34 46 66 76 113 115 133 139 147 186 191 194 206 217 240 261 294 314 317 342 348 357 364 382 
28 16 18 57 79 84 96 119 142 148 172 180 205 208 210 243 245 259 263 279 288 289 295 328 334 356 370 372 395 
17 21 35 38 70 94 99 110 112 157 244 285 313 326 347 374 380 389 
22 12 29 38 42 71 88 112 117 118 138 144 157 159 184 209 283 303 318 326 333 391 398 
23 12 38 42 53 68 69 71 80 85 89 110 114 138 140 164 244 252 290 303 313 316 326 333 
29 1 6 10 17 24 26 34 43 45 56 59 87 91 115 139 153 219 229 255 276 280 296 307 317 335 357 367 368 382 
40 5 25 29 35 54 70 88 89 102 105 112 114 117 118 121 125 130 138 140 157 159 164 202 241 266 285 300 301 313 318 319 326 353 371 374 379 380 389 394 398 
20 15 27 41 64 83 126 136 171 173 175 176 195 230 231 246 337 359 363 373 396 
28 13 16 18 20 44 75 96 97 120 152 172 177 188 190 192 193 208 239 263 267 287 288 289 295 309 355 370 395 
22 11 30 61 62 67 104 127 129 145 165 169 182 203 215 221 268 282 286 323 324 327 399 
26 34 36 76 81 91 124 139 158 217 226 227 229 237 240 255 261 275 277 280 284 302 317 335 364 369 383 
18 10 24 26 28 45 56 87 155 158 237 240 261 275 277 335 366 369 383 
36 3 13 57 58 79 86 97 146 148 172 187 190 192 198 212 223 232 238 239 245 250 259 289 295 305 312 321 328 334 346 361 365 370 388 392 395 
22 15 31 41 60 63 72 93 108 116 135 136 151 179 185 189 195 213 231 258 350 363 396 
28 16 44 58 79 84 119 120 146 152 172 180 187 190 198 238 243 245 250 264 267 288 289 312 345 346 362 372 385 
30 3 18 50 55 58 109 162 172 177 187 190 193 198 205 208 245 249 263 264 267 279 295 309 311 321 334 336 362 372 385 
25 2 21 39 42 54 68 70 80 89 110 125 130 144 159 218 234 283 299 301 303 315 326 333 374 380 
34 1 6 7 17 26 43 56 76 90 101 113 115 122 124 133 139 153 155 167 186 219 226 227 237 255 261 277 294 297 317 342 348 369 390 
28 2 21 29 54 70 71 88 89 94 99 102 105 110 121 130 144 164 166 197 218 233 244 290 313 318 353 371 374 
25 25 39 71 80 94 99 102 125 130 144 159 184 197 209 233 244 292 301 318 371 374 377 391 394 397 
27 10 17 66 76 87 91 101 133 139 147 158 167 217 229 240 256 275 276 277 280 294 297 302 307 314 348 366 
25 2 5 54 68 71 85 88 94 99 102 112 114 130 138 144 157 283 292 300 303 315 316 354 371 379 
21 5 25 39 42 69 85 88 89 99 112 117 138 144 157 233 285 292 303 326 333 398 
24 8 40 61 67 77 78 82 128 145 150 160 169 174 182 228 236 262 268 271 273 331 351 384 386 
30 13 18 20 32 44 57 79 96 146 148 152 177 198 208 210 232 243 245 250 269 295 309 312 325 328 334 355 362 370 388 
23 9 11 37 61 74 82 104 111 123 143 165 182 196 273 278 291 323 327 330 349 351 352 386 
21 9 11 67 78 111 128 145 156 174 178 182 196 225 228 271 282 291 306 322 330 331 
27 8 40 74 77 92 106 123 129 132 143 150 156 165 196 203 216 221 225 228 247 271 273 286 306 327 331 399 
33 13 18 32 57 73 79 84 96 97 100 109 119 120 148 172 180 188 190 193 198 210 232 243 254 259 269 295 321 334 355 362 388 392 
31 2 5 29 38 39 68 70 89 110 112 118 130 144 157 166 184 209 266 283 285 292 299 300 301 303 313 319 353 380 389 397 
20 9 40 48 61 74 82 123 163 178 200 225 228 262 268 273 286 306 322 324 331 
23 13 52 55 75 84 119 120 146 162 190 192 193 208 212 267 287 298 309 321 356 361 365 388 
21 14 19 31 72 93 108 116 136 141 149 151 170 171 179 220 231 235 257 332 360 378 
21 8 9 11 48 61 62 67 77 78 92 123 160 174 178 203 247 260 262 286 322 323 
33 8 23 30 40 77 82 106 111 129 163 165 169 178 182 201 215 224 236 247 253 260 268 282 291 320 323 324 327 349 351 352 386 399 
34 4 27 31 33 64 72 116 126 134 149 168 171 175 181 185 189 204 213 222 230 231 242 246 257 258 293 329 339 350 359 360 363 373 376 
27 2 12 54 68 85 88 94 102 105 117 121 125 130 159 252 290 292 300 301 313 319 374 377 379 380 391 397 
32 3 44 58 75 86 96 103 119 120 146 148 162 172 180 188 190 193 223 232 267 288 289 298 309 312 321 325 345 362 365 387 392 
27 17 24 28 43 59 66 76 91 98 101 147 229 240 270 280 296 302 307 308 340 341 348 366 368 369 381 382 
18 16 177 187 193 208 223 239 245 249 259 263 264 274 295 312 346 355 388 
26 22 27 64 83 108 116 149 154 161 170 173 175 176 204 213 242 248 251 304 350 359 363 375 378 396 400 
24 9 11 23 30 48 49 61 78 82 92 106 127 145 165 182 201 215 216 224 225 271 286 349 399 
14 4 19 22 33 175 179 213 257 258 272 332 373 378 393 
20 1 7 17 24 28 45 56 59 101 107 155 191 207 217 227 237 261 270 335 382 
20 10 24 34 36 45 46 59 91 101 155 194 219 240 275 284 335 357 366 367 368 
20 7 17 24 34 36 76 87 91 107 122 139 155 186 217 255 276 297 314 343 382 
20 10 17 43 45 87 98 107 122 139 194 207 217 240 284 342 348 367 368 369 382 
26 27 31 41 60 63 65 72 83 93 116 134 135 149 151 176 185 213 230 231 242 258 359 360 363 376 378 
27 13 16 20 57 75 79 96 97 142 177 188 198 208 214 223 243 250 274 289 311 334 346 356 361 365 372 388 
27 3 16 32 50 52 57 73 97 119 142 146 152 177 187 214 238 245 250 269 274 288 309 311 336 345 356 370 
19 12 38 42 54 68 70 102 110 118 140 218 233 234 252 281 299 353 374 377 
26 1 26 47 56 59 87 115 124 133 186 191 219 226 227 261 270 297 314 317 335 343 357 366 368 369 381 
20 11 48 62 74 169 196 201 203 215 216 228 236 247 286 291 322 331 338 386 399 
24 14 15 19 27 31 60 63 93 95 173 179 183 199 222 230 246 272 293 310 332 337 376 393 396 
20 30 37 77 82 128 131 201 203 215 221 224 228 247 262 271 320 322 331 352 386 
29 23 37 49 62 77 78 127 129 132 145 150 156 160 178 182 203 225 236 247 253 268 271 278 282 291 322 331 351 358 
23 35 80 88 99 118 121 138 144 157 166 197 233 266 281 283 285 292 303 315 326 347 377 380 
17 29 39 71 80 85 88 110 112 125 140 218 285 318 371 379 391 394 
24 18 55 57 73 79 96 148 177 180 187 190 193 239 243 249 267 274 295 305 321 325 336 361 372 
26 16 57 58 73 75 84 96 97 119 152 177 190 198 205 208 223 239 250 254 298 328 345 346 361 385 395 
24 10 26 76 90 101 113 122 153 158 206 217 261 277 294 296 297 302 341 348 367 368 369 382 383 
24 8 11 30 48 49 92 106 111 123 129 132 150 169 174 182 203 216 224 225 228 271 278 291 352 
21 14 60 65 83 126 135 136 151 154 168 170 176 213 230 304 332 337 344 360 363 378 
26 4 14 31 72 108 126 151 170 173 175 176 179 204 213 220 230 235 246 248 251 329 332 344 359 376 396 
25 16 32 44 55 75 79 109 162 172 177 187 212 243 245 249 263 264 267 309 328 345 355 356 372 385 
27 13 32 50 84 96 97 100 109 119 146 148 187 198 208 238 245 249 254 259 267 287 311 312 321 325 334 392 
25 4 19 65 93 134 136 149 151 161 171 183 185 189 222 251 258 265 304 310 332 337 344 359 375 393 
30 7 34 45 46 47 59 81 87 98 107 124 133 147 153 155 207 217 219 226 227 255 270 275 276 277 280 296 297 307 381 
23 50 52 84 86 97 100 103 146 198 208 223 232 245 254 274 288 289 309 328 334 345 385 388 
31 17 24 36 43 46 66 81 87 98 101 115 133 153 155 191 207 227 237 240 261 270 277 284 294 308 317 335 341 348 381 382 
29 1 6 7 26 34 43 45 47 66 90 98 101 115 122 191 217 227 237 256 270 276 280 302 341 343 357 368 369 382 
24 6 10 28 34 45 59 90 139 147 155 186 207 256 261 270 276 302 335 341 343 348 357 367 381 
25 1 10 28 34 47 56 87 113 133 155 158 167 227 275 280 284 307 308 314 335 343 348 357 367 381 
32 13 16 20 44 50 55 96 109 119 120 142 162 172 188 190 208 212 214 239 245 249 250 254 259 263 274 279 298 305 309 321 346 
28 2 21 42 54 68 70 80 94 112 121 125 138 140 164 209 233 244 252 285 303 315 316 318 354 389 391 397 398 
26 3 32 44 52 73 86 120 142 177 193 198 205 210 232 259 264 288 289 298 311 312 345 355 361 387 388 
21 14 31 41 64 95 134 135 154 161 170 181 183 185 248 258 265 272 304 332 339 393 
25 2 21 35 68 71 80 99 114 125 138 184 202 233 285 290 299 303 313 315 316 333 347 377 380 394 
20 14 15 19 27 63 65 93 116 134 149 168 175 179 204 213 272 337 363 376 400 
22 19 22 31 60 63 72 108 126 137 141 154 173 185 199 230 332 344 350 360 375 396 400 
25 53 71 88 105 114 125 138 140 159 202 218 234 241 244 266 285 290 292 316 333 347 353 374 380 391 
26 4 14 15 27 60 93 108 116 134 136 154 161 173 181 199 213 222 231 235 246 329 337 339 344 359 400 
25 21 68 80 85 88 89 105 114 117 118 130 164 202 209 218 244 266 281 285 292 303 318 333 354 380 
31 2 5 12 29 38 53 68 70 88 94 105 110 112 114 130 140 241 244 252 266 285 299 303 313 326 333 353 374 377 379 389 
17 6 26 34 45 76 115 155 191 211 335 348 364 366 368 369 382 383 
26 1 6 26 28 34 46 56 124 194 207 211 217 237 240 280 297 302 335 340 342 343 357 366 367 381 390 
22 1 56 98 113 122 124 167 207 211 219 255 256 261 270 275 280 284 296 307 308 357 381 
17 11 51 77 78 127 129 145 169 182 200 247 262 278 282 286 291 320 
25 13 16 20 32 44 50 55 97 103 109 119 146 162 187 193 208 232 250 264 289 311 312 356 361 365 
20 23 30 37 51 61 62 78 123 131 145 178 182 196 253 271 320 322 331 349 351 
21 16 52 55 57 79 84 97 109 146 148 152 190 193 198 232 249 263 287 295 334 372 
33 13 32 44 58 75 79 96 97 103 109 119 177 188 192 208 214 232 249 254 274 287 288 289 309 321 325 328 336 345 365 372 392 395 
25 29 38 85 88 118 121 130 138 140 144 157 166 233 234 252 266 283 292 299 303 326 371 380 394 397 
26 6 10 46 47 56 59 76 81 90 91 101 107 139 147 153 167 191 194 217 229 276 280 284 296 314 382 
22 29 35 69 70 71 85 89 110 117 130 140 159 202 233 266 290 300 316 333 354 371 377 
22 75 86 120 152 162 172 188 193 214 232 239 243 245 250 259 288 295 309 325 334 362 388 
24 41 60 63 72 83 108 135 137 141 154 161 175 181 204 220 222 235 246 258 293 339 350 363 373 
25 2 5 35 38 70 71 80 85 99 102 117 121 130 140 157 159 202 234 266 285 303 316 354 374 389 
26 3 13 20 44 73 75 84 100 103 109 146 180 190 212 232 238 243 254 259 269 279 298 305 309 356 388 
29 15 19 63 93 135 137 141 149 161 173 175 176 181 195 199 222 230 231 235 242 257 293 304 310 337 350 360 376 400 
18 29 42 68 70 102 105 117 130 138 202 218 234 241 316 326 333 371 389 
20 5 25 53 54 69 71 85 88 89 157 184 202 234 244 252 285 300 303 319 371 
20 37 40 49 51 62 78 128 131 200 203 216 225 247 268 291 306 324 331 338 349 
23 22 33 60 83 93 126 141 151 173 176 181 189 195 199 204 213 220 248 337 375 376 378 396 
